15150095
88148904
99319774
91587697
36672590
89895500
73822770
46744269
77238293
72987047
55888437
26717049
31473648
12889870
53750023
84514226
16870730
2889766
43457283
27657430
62652704
31494177
80869356
44848541
38626722
90724536
79944113
73672473
82302467
81568757
17127787
35282760
19840077
13259832
92296464
70396831
31823035
98247639
1809937
11926872
83365597
50195058
89264371
32869160
54133070
53075367
66818664
78022581
60394710
75878802
3928755
93942140
9359023
20140545
66349100
42759471
88091949
12482891
20294694
63982647
5116148
84627881
88938748
68726106
50288808
41279940
13795298
61134203
21046858
4844507
98181382
98966937
57421314
8562440
68110393
65158385
36378905
97413798
63331038
21661467
49280578
45168185
43139251
23716687
17281270
80585974
55279913
15090807
93246073
17288205
76162945
45835233
64001618
3027448
23627026
48986889
63798384
55114358
19341447
95580822
35650901
30471177
69368125
20445817
56162940
69739071
89320510
49768476
2011417
74679808
99097565
14929618
18077743
87887384
40228324
760525
26294213
58188143
85943122
23734188
36960546
38764540
13229771
73834982
81340133
85575419
24446904
929632
28588850
86335785
14084888
42444763
45984522
25646813
53913501
8903954
8371057
26056462
67108482
54421916
72412654
25373725
49118934
8627728
20700813
43999221
69675871
15445616
56665496
81137477
85353032
22300894
60346245
99279654
84301581
91537742
44970334
71722333
66460396
58837828
66940640
23075305
28234501
46343495
48161188
56136434
17997096
11208647
75953188
82303199
93090642
79874301
84544341
98016623
51198647
29905695
99398136
34444820
18501214
57105544
43397209
16204551
74325281
58032715
60037857
11647733
97940985
83935906
57607479
23490333
43141802
85033830
33904972
40502476
92685879
50248876
1394507
91456659
97174552
18711436
4066592
585857
7057268
14731984
17375477
78878165
87381420
42595524
42276105
43121399
48819400
67766479
84472100
13032840
21779135
90228296
39455750
77666553
33163586
22412705
19625534
3364873
63840167
28769590
80682561
13099772
5376203
54113924
43455179
65181567
47656686
11527570
81970604
48177614
8616442
94355322
60165433
18851956
51020363
57717210
84755592
94822626
74490245
25647501
4882186
32138365
25012827
71272792
13664006
78002671
29357259
17951562
53810070
4144945
99749495
18315142
5219855
84515484
33427725
59341885
77497137
71771295
14948566
16087959
69930982
38933164
78452356
37515021
31237180
41747899
97592256
60253568
10212968
15412488
97758996
86298760
90307900
99945586
33630626
30736917
76795609
3394467
76794272
30527384
33835477
48109907
46405468
60173379
86400081
72963942
87118474
61872070
7711620
62194478
85146435
11934524
14569419
3860991
70784423
97647631
46530622
79237156
47182381
94359137
5754244
28498495
70629562
41481403
66905190
59383396
14372479
35060300
47280349
33009503
4460508
79251470
31841304
698210
46888232
11060253
96231482
76350698
28238019
72077752
72383029
2605237
49009730
15860363
19043255
79265275
67049621
96815506
43126121
8264767
56601621
98262461
5622813
44783170
40964836
26018914
14815130
56746779
55549474
42178664
32111897
23874125
52015677
75259567
19853901
62453436
41033097
76297057
22896716
33605651
83499637
81826707
57631577
10814604
98219582
59310140
59484013
29981409
73114138
93288885
94857153
28498711
85062106
53022290
97809313
64283046
99715772
26379578
72932418
34911771
84507521
7617484
58590447
56187027
1202125
99312872
65086909
96562737
45214009
85723966
10132458
16463204
2310880
81197709
54285853
54163030
21197630
90923028
28607477
63458967
66077455
85894666
24585533
47631793
37162938
61483067
28835794
53745005
23239908
43868193
14198690
70445436
54645633
24657788
9021182
10855053
29907881
93456649
58523165
64741277
4521215
49083501
18085125
95061424
37327852
84062570
66902061
84059451
73923592
9499505
96325508
43063485
80992317
62377711
95710332
45316717
43988817
94728571
64416751
17408040
27828955
17439972
67993787
85842901
56944650
27641223
94012422
32904416
79476891
51313574
9744573
48699744
76232673
40933690
25826189
12931035
49121693
12014457
6765816
95379437
70728639
94508302
74670475
64589273
41910703
7700592
65586600
28910029
32490556
40335650
98889438
31449553
99480753
39722872
35193042
39967184
27589136
29240280
74842894
76309899
7244980
5668280
15970835
9837928
55882849
28702379
52147764
37325929
46445502
99155781
25449006
84922329
10650078
44241044
94766678
92862864
14954663
63579093
26143375
58993914
19917836
80987190
74689910
52230081
82429841
76120236
63518645
87108111
72614441
66296126
66909052
77323684
2947183
64615078
57064053
57566541
41389784
22714524
18006572
16065438
41756913
59360566
45642011
92394467
67814721
46258214
78682676
10957541
84011210
78496853
22661396
49145687
14294929
64122824
21150236
94865625
54685124
96334529
78247940
55546923
62882218
42754412
99031056
38215468
93343058
37878478
74816860
86945950
62311408
68824249
39143736
41715627
79702961
41693294
85869500
18271316
93388276
46232286
85971693
17108521
83295773
51325516
64902408
44337538
68281414
24281736
14970649
71776022
63485124
59488951
28760599
83170117
30913411
39753082
82682204
36983046
95973300
94173064
29219716
51139744
96417898
75571826
58641041
24883561
57050625
17775875
42181380
81853675
18819275
69979168
752990
12428020
27574689
14250368
7097285
11739557
3208165
33202095
56424244
31566213
94890594
69657862
78466199
40316244
7629287
39073482
1011618
9360555
96580979
77879552
24590858
4456925
12912440
58191044
12404160
6913539
34500425
68107439
85863510
24275832
12086021
23438285
56944592
31138922
67682873
89020801
76506653
92305113
28612535
49733124
92378180
35146040
85576074
47306989
31822820
7736665
4176170
89888328
33300436
29106489
49285235
87860585
78409949
23597392
91356788
65472446
9405913
27412281
32343440
71725221
26213447
61037892
96911813
49636887
45253105
16910642
30393306
91913672
48439399
48477357
98347358
27846075
43917715
77059021
54384360
59115595
92366616
67185099
33129326
18911228
54287926
20673949
14622611
29032872
57454033
71874853
13894914
10052625
38402341
98614907
71939664
24565348
20473382
37196543
20759501
28109965
68705569
99991676
31120637
92001344
53626338
23186282
79598112
67465786
38203817
70415396
6584884
68351734
81644260
721833
91117422
30743438
33715777
11951671
13902876
58560214
45746113
66140088
13510243
49928904
49726373
96248893
9357310
80019708
3114989
46064967
40484047
6837810
92911583
54109453
50794415
22183236
75212442
37233974
32063090
22669461
9291717
66328326
5581578
83319404
41556018
65515524
61319806
8690318
74678363
43717211
44109267
54991575
89840998
1890516
63266395
50969233
71334202
43229398
31405994
9288466
87952216
48554378
94818546
15416943
93462988
81272565
34921507
62324085
94479286
11361260
68949524
92073351
43724678
30114766
19762775
8331526
80374297
78472263
40611339
67426355
97119654
68490532
43925716
9540838
54245632
63133774
77179682
22836335
32924348
51097272
13350777
14348169
24952398
66997269
51549112
86587853
1218961
9679497
27248588
78970488
73567972
7542103
72651820
43744445
62914081
8490107
99340555
55319360
12802380
70623036
43033554
24469198
18710408
22730020
56476318
7721764
37893495
61576989
30129074
43814608
60823618
73953778
1025176
19790103
67094005
25583557
27344577
26717746
14711465
65914370
19983661
83296779
27181189
28162443
8616735
90971434
8274473
40127714
68906853
25812348
87481731
78565029
96128228
93287108
19763540
6865306
11706620
53231471
86995639
86510423
2330449
41650853
83657969
61557153
17947658
20235943
64645284
52471086
94505034
95116758
3439990
34902697
49587306
43177058
90478444
29329668
94452488
90627907
68504844
92258251
21547821
81814306
41696518
94506277
51916600
76135591
23794936
45777468
46677359
98119213
42859784
91906106
43879780
47755156
71212232
92054775
55614087
15755503
56675737
44376801
22183935
23610022
54400179
43287722
46675257
82088799
48165887
40487666
3896448
92881810
64758265
45640093
48466642
89483298
40517029
77491460
47437566
96527706
44666888
93570863
45559259
74054952
8213712
35015562
72088006
81161570
68803594
98247726
74081508
79953694
77318335
17965521
78038340
70644912
71639981
40094040
73252561
67395940
318269
85463490
58299009
17810150
95667579
24407158
50393871
37311100
10346757
19386447
78110018
48157808
35838875
35296661
22311297
87834590
49826889
52598338
16501247
64781275
565907
70244184
52286982
36368275
9590441
73746049
26814031
51206320
93116506
59842242
9546582
80514133
3000843
6723203
65638801
9516009
81451999
88138953
55824488
13769876
51797752
18017192
41028714
24634200
43991462
52199631
49607965
98677523
38312286
50084529
80836537
34737731
29438559
81328954
16846137
43956549
83614823
21370292
6891600
13402326
49284751
36740794
37179183
54858589
37504083
53143200
62121607
85907720
85762717
48858579
42287026
6575736
25632517
13430396
8454650
38320391
69524107
26368986
76483912
33341917
72150581
99777913
4464062
19312999
20707754
76678080
70796086
9695034
27272989
12029182
85777282
53938476
6680199
1849505
81519012
47368130
91390717
34438466
8458549
244960
35190319
80585966
18785770
52953186
65155226
81535414
23918837
89805767
21793697
19241086
72947463
37767778
48903524
65533958
97399243
77871698
78913082
59786697
53357490
22722620
11238827
76950492
35828399
87063341
19994748
40900990
50566082
75659598
26785115
22837216
12156195
21138484
297217
70792120
47543702
91512426
97028067
58073440
33160662
87139567
81624766
84141463
82446380
16290773
54370390
97772298
52056674
54568823
76416732
22128191
81966402
10300238
10571034
64950919
65335795
6937888
54928749
68379145
28402423
81974335
53219886
1609294
70825548
35761345
72143140
51390627
67162167
24308082
71558977
97039841
68463100
65922187
65301720
6743510
61189104
57912804
40357054
7456790
62543447
60781599
14454403
34743995
98751556
54026578
73112730
61335198
22302412
70372387
32306970
69001102
38099474
46870380
73650625
62667759
47735170
79462948
37200732
22581964
99026998
72585998
54372153
44005276
27505661
63986753
71076683
60833183
69463068
50573489
80852310
57155396
6754801
98804339
69702747
46191837
27497807
48697281
29145903
36817504
23763341
24858576
26801760
16130815
43916354
57679581
57309680
97986949
69719996
65957997
19274074
39207454
22581759
39345019
6161709
32458343
20209186
19617431
17923709
69776186
15448141
2121876
5801681
98618907
72083541
88091882
76998052
1438990
14970272
94443867
96975668
2336793
72781125
43595784
17333735
95830204
59187215
18049537
43514010
44559673
40736426
77198427
14494825
19672605
18432534
99131691
2954512
96272695
50145505
26105649
33897010
50226936
21110793
42128071
8842463
32767065
33260693
92314299
36891315
23907575
1380995
35880172
9514856
76310571
28445491
5267132
91994423
78560959
5931893
58514168
9804688
36587942
5610707
38808995
45595998
33769747
22274787
84622486
63346078
34629734
62539748
29051956
38111909
79134868
91278652
30124610
38781725
18831992
64131994
18049252
11204484
92590977
35758703
58065941
23195792
29261396
59364922
26682122
89727860
73678837
38379064
89114610
59518947
20597585
69068926
8349837
9930020
8322214
47336148
27139069
96429493
75358559
58231256
84049008
27537800
62065177
55232550
46263067
72732687
82294548
89619022
71254734
84526730
70518221
88403540
79613122
74600984
36509493
37154985
7547019
56330195
96365302
25441001
87035658
53747203
83402409
74649166
51567681
8853547
61941278
67502205
81318505
31607667
47341347
11112319
21070867
65404977
40921676
67863697
51337352
64143414
22944535
49665450
38499233
29240819
28314794
17198371
34239490
74489398
92802479
73458189
21614813
313863
48335112
63633558
21347980
86164247
30432527
23211296
48898450
84630943
77576597
44138759
34444083
64026020
59567904
58012513
48115924
52424670
38127059
81121190
67010330
87446483
6208205
52909047
26025515
18156474
95857845
61473834
18466037
97859959
31591126
7078260
7655535
21624400
52529769
77411525
96362895
46606074
40488307
98771882
50909351
14182380
78079648
38519764
41978487
66189707
11753938
28460517
46768939
15353842
76488821
622184
25135605
31036225
50166578
37805922
90804781
67323872
92659613
39229721
16171116
48602456
18946131
94647650
74605687
46842741
3684820
14213065
11107903
6651719
18084845
53670281
52176342
55106990
27697666
79724775
95590285
96182684
70380733
1471283
41323743
90902253
23288124
50488839
1547963
11091648
88798083
8042082
31669358
70601120
97381320
55723359
42278530
19501244
49857390
18287805
52344914
37019765
46319606
53788710
87297124
8125789
91666853
47107574
24494567
12864718
44445619
6408857
77686528
90614139
36756958
36506632
15441756
23071086
84861539
54611530
85747973
80004274
70459191
73089679
96016339
7160645
95132305
80236139
34505980
39532127
87496309
44687846
61149293
760352
40184420
64458586
65548224
65262082
94173903
58724445
16833817
59717127
84141806
31770311
56749727
16216897
22865122
53773762
14805218
90224578
19842870
43151735
62614936
23788253
69608517
21061400
6054955
77220534
96650539
3447356
91382722
10031427
36886149
70077816
27576186
84237093
70003822
39220315
99212214
82939814
93282211
60791995
86488232
24047432
41795354
76129401
44758872
30993947
85878664
2829941
71705785
44776639
44640311
67377221
17286146
16455716
55552190
87933332
67744391
81456197
3331715
53908055
64203258
29705252
73317441
1616430
32042800
71167913
32471349
51448544
51687326
93050028
73635279
38786172
24958899
1041812
88294704
34918727
27970982
75285150
99182312
74015397
82235725
29439074
89216993
75937311
28951085
27256949
83700358
66503891
36678555
97678900
44506563
96897450
29898720
746807
743553
7035124
6152755
49946500
80018030
78748330
95286273
71178796
51912997
62558496
17843750
56766134
76055173
98895010
98085390
48037257
86618990
32313701
20906080
90348568
54967486
30502119
27347974
27543722
16203762
97746444
53718214
28711116
1751405
1445804
25795438
68300371
42478817
72813861
14845498
29661564
80507761
11712038
39832371
5490583
77583193
94977108
22889352
97135820
85881577
50450103
94371588
43113742
48863973
17188176
40741303
12362013
90274760
50367857
14404977
82680514
54443910
12061431
44550550
68879551
74630250
93155165
39857570
128434
13738542
41568856
37315054
67766414
72165678
13794651
10553327
39606126
43888903
13467213
8821955
30146037
21497401
33679024
90553382
31484546
94676254
83813410
66274419
13644865
56253253
21744719
5191454
3265731
93732894
77866374
4821179
89869254
57826812
40965396
51496711
35995784
71090911
44654646
15813084
80028693
11990121
29982835
3077460
24669079
44787802
21344220
49151624
13639698
46783905
69484219
92364251
37857294
73769319
63045534
81933563
57953452
30856895
61687957
24044404
84689846
52188095
3552265
66869395
46887545
97119407
95189452
56203925
30418082
107046
1850467
82481538
45155889
61096246
11322365
22797969
94756655
77493464
84877677
20432536
52452601
71689579
73224082
6167582
93568100
3147836
55443903
2182450
55636160
26927485
10302367
20566883
20492435
95170420
37991028
13618257
91907015
72882627
51229381
51657631
45769973
83316617
35806175
18334548
17782007
27315832
47729139
71269640
98903557
22778367
9321896
85177597
63533784
56120688
24781393
6692152
11069665
86107311
24307479
26280103
45555961
48897185
34159163
81020760
96966924
9315340
28360937
56595153
37069454
33202378
97009503
53358204
3844590
3323897
95069603
41475022
82080167
76893131
20409617
17443391
28351331
18820670
10285160
34305672
37498524
73272246
67422148
42029786
24473093
6533396
61378402
90354981
62258933
82629686
87948239
46186508
55464217
23859549
85881745
48142520
35737574
28964827
30707318
59694406
44515533
56791216
4747387
83713076
23621965
7367771
83493742
64296638
56034448
79083740
84795363
98926728
5401924
73386022
44233471
81639017
29435893
26991213
27124092
62295575
4871284
70812549
95372276
20736133
12109189
95007437
14377483
53414072
79936511
10903205
76508736
62503791
49961652
63279950
30675304
40453867
68061038
67291519
52017185
89564516
34717780
88246522
74296317
3973815
56335083
4520914
56810880
25918120
10460828
19866879
47390356
56657106
48989779
98981154
34968690
39391425
38459353
7868128
8019253
38684077
35315043
49863890
4235897
55166160
42978770
19684864
96237504
58462114
34874062
69584682
50082134
37603819
31468026
93768170
59597687
93220867
23607499
48681954
4678882
55295725
50194846
87325905
44993838
50817100
72598333
6539157
28288651
83119270
34997716
60035267
84959832
39259615
35134997
76728088
63449730
17111677
40855415
72093073
23955460
29675204
44659180
5208732
43778478
60103158
37310657
16540110
13039722
40094451
81769645
60226479
43150671
14307566
94098102
1546660
54028254
5064024
61390957
39111387
71950921
15768277
21739750
85727567
55386947
75305826
49648483
36126380
39172213
84433772
79629336
68019333
34164590
95207235
24414265
25864695
50277426
28275410
97017159
57627533
14920510
68909148
28628109
6281363
34966700
1592784
71588353
58159386
37021775
59988533
39630162
33547560
84044196
86318042
18959772
97111819
41076488
63811529
60591422
1244214
83728717
39939145
1449694
28867589
26067178
60580539
3991879
38522971
26450822
1588505
75818621
63692496
47737234
60648571
68803560
3326627
97480241
60380690
8603586
32033904
12532085
24529262
92029583
31322478
76664830
14294836
65650621
12315795
40144469
3845010
83624926
13923926
29952791
94280255
36147340
9644569
32888063
19361207
18020549
29521405
29573322
27038635
88304219
82407039
12795913
89151740
45110568
31782611
68580688
10910148
81992920
6459652
75168015
60459723
89276445
78558289
96526576
41923895
46345024
18349805
86908494
94399129
81245747
37167434
4708641
82559281
95456945
76436481
74264462
22692704
9615940
23984455
71356732
34092561
91368601
89359841
11466226
1287331
92223631
10691889
30411021
14374594
58712415
26452030
84253369
40013283
17376273
83556927
44993679
14800393
2775756
76264486
42642161
33514494
3040389
58294976
21180362
51150165
31671535
88190485
88730344
85110997
6117071
1826436
58493763
30311427
80825949
82007644
75259929
91667499
16583207
70232203
81147575
64469076
39562893
81366976
30001199
53108992
61005093
33798999
8736004
62342481
34802252
54817459
13064845
62622580
43139409
15787012
13762023
51974400
59182690
1033980
21048490
8668948
14400887
85682789
97154816
5542835
49274533
59342930
66102052
83652367
25880881
7763934
69371510
83408776
34541387
50383769
7424759
42427065
10544440
26779100
80913682
6251425
46765951
55203416
78416772
69520914
12723164
27922640
38013484
70518424
2547922
57770088
98368682
71866465
55223171
98184796
4856749
85986857
96770121
43322814
25680417
96885134
43091866
44050434
74389527
96297031
3902381
57758952
43472824
91302420
50564336
12864913
13794182
2516657
12347836
117922
53674726
17571610
46121647
74958770
58466437
87631400
8656968
10372943
73623653
24841710
72934348
9893953
68168220
60669609
19332925
39055714
12724467
87517828
91787206
61313262
18993812
99934309
27368696
83149873
64832860
24984365
26297319
26421973
38557106
56044155
86284521
40661324
33480547
46942052
45137443
29092627
91287545
29681576
81533003
73771548
42364899
64492567
90011109
60187263
30904867
45677083
62239111
53094327
77586661
35292088
45759167
7953227
37195660
21809831
53318874
66925704
63228427
45095277
13007423
98467969
63211453
53437388
6098263
81573341
57344323
64113935
59766441
1089510
56266461
76665532
52172474
8420500
9761759
68857428
17103189
17359631
12443286
38508319
394660
8637651
35791095
2560408
1923270
47372007
89832792
22657001
106796
24516818
61454179
62368972
49583161
27901874
62213364
65085466
92268054
25517525
45896753
68191484
67653015
83196291
78472997
25634098
15763701
47136976
40242818
91614538
71800572
76630313
97752647
79171326
95999770
78411613
80186825
79270534
13324327
63560508
33325932
44989340
30004969
78902453
83040311
88003259
6571202
33826810
77620786
65439432
470369
29152680
70411826
29814103
114758
30916705
52142692
33830787
1515869
64807337
1790745
67717156
50141565
97011932
15049684
79019503
8682155
78617027
2849457
92986482
51692496
33919960
16012333
17874899
75535925
12538422
86960599
2301877
76823227
88859525
1271977
82884957
80524966
53846915
21020367
30009158
2293139
58804651
79137933
6300851
81700543
20090982
10127128
5931184
25357331
13939424
61045698
17441425
71303840
20507426
38422342
95036648
31965801
78026967
87562072
33754761
83536334
99573135
91191037
16855811
60752462
52933181
16052242
11563587
55953345
8926440
7522208
71314550
39202306
75714601
64924488
30037016
71551833
7804463
1572201
92078723
98791002
2385466
41878819
75702346
96914545
44554485
82519006
92266550
78215248
28144175
51715317
72586195
20153426
96142749
85003824
75275911
75474940
49489961
6544565
76955063
82632378
85912115
58678441
4804999
70196573
49007269
42927176
30540153
26483730
16854726
32409293
97482721
27299112
69270032
40175506
69489350
54788520
8293164
45626219
68585408
14217171
30235499
60204533
67328772
38149099
83066904
54412427
91067996
16409466
69931315
89712617
38426370
92735400
28098756
10865938
10403818
74960417
22664504
47467156
4104973
51905622
48570645
17025418
23445268
49137915
68694411
98318452
33538897
92017426
64242947
82855480
12524540
79563550
31725018
42938048
32353241
20902066
99597097
6494564
19711346
39140363
98318129
97504222
88671560
24208535
37603577
71111305
8961608
47921693
15767131
83929063
11535282
56509435
19226683
78580520
1140691
41817869
92569003
66518396
5093102
47713476
47801253
68604410
32730559
13922937
95491615
64030860
89354023
66570513
19579404
79395960
99987164
19283098
97696037
67705816
96268936
13782661
90283387
57631472
66396373
14412172
88186047
71612747
80164069
9842109
27454565
13792215
95096354
66492282
90057708
83496382
74690435
42785643
26119034
59431107
72812145
51851981
26984784
21785060
21952264
66725701
49348421
74558701
91556712
70733433
77275471
85481278
85470455
47332169
78974027
64293654
51782199
61296024
7350995
74800732
23737135
25497103
11655267
86108621
30638362
87541033
75011402
94473190
46659563
54883182
55110368
67789697
58961209
99521710
74837357
87078500
73059466
63247996
92048675
69123110
80902930
1827601
78201444
66843126
52077574
44479833
26512566
87280053
78328280
13736732
51136090
29285272
89776211
10857917
15545883
27897728
76651622
48401955
94920972
57638058
43751944
30809445
61916827
4713351
76895379
17328609
18699663
55574413
41838595
97287370
27411942
1140237
23547704
38262726
35404310
25545178
39188032
13104737
51702477
21651800
21802414
52110668
14417574
7030921
87945814
2347660
92059019
36033859
15374354
55709052
85076817
14779058
41115691
34060028
98992801
18395684
82652879
51822747
69449640
4702717
6064605
58615833
75371651
99995418
78439691
2565579
37348802
42371947
94087330
92641738
91948229
19989627
71038545
40897366
90628872
51481911
22542438
43211446
59626500
73999489
56757327
3403703
13832171
84015502
48449757
79532705
64208770
41162441
6918081
79013808
78771790
70349249
28569086
87501900
21319113
89987143
47382438
25015269
33493929
84178863
83349992
67972314
59836364
33311541
58319391
22270146
86136057
62757278
87841011
97944451
91252292
92073616
22608963
15446747
18477138
47375072
7321653
10700224
68937703
41160483
64175102
64222779
72133705
53819962
98481160
81934589
87579165
40648145
52117031
56700338
58396703
24065977
7229639
16436452
69999954
54373274
30106877
32734708
66365160
62259492
25851632
40165717
80067175
96765376
66319413
36575676
2768542
13571761
97319481
98248802
64413474
50040513
22670435
89190572
97386076
42928630
55874140
80818277
99239941
22864777
77608859
89231460
25485405
90504357
62606450
11459929
64310243
74314861
43505797
91744414
82854404
361668
39563536
73486599
31844720
35080848
49335650
86037917
73678046
89211725
66001459
24017704
37976007
39701316
17381564
98004106
94866098
70638141
8926184
86103458
95657869
17022403
55407861
27818364
320650
25040823
14400619
9947320
84503287
84691869
99276039
7988907
88023717
66529935
97685302
64982626
8421170
62707061
18032058
12278985
55562269
61711170
88381135
42430197
18323121
45743224
82448649
86791866
79322833
42819788
9784906
81824745
59208885
96875632
61998468
13807057
82529320
27342750
77625837
99918658
30074640
24891751
57670246
36259150
28635815
5067828
10801159
88898105
62725700
16382135
92080724
37051314
99349802
75421760
92303987
15560352
47716690
84916365
4345971
94104799
97501726
82903510
16404989
22130119
98753215
7952829
7883316
45269561
14214489
56112696
58414903
32721925
37056373
24225962
15630706
67475902
77460692
98006114
54258360
17582698
82412070
38067430
29938112
30358684
14789175
40923721
76182470
84163393
97673533
69559564
46300106
92956012
89772336
94430138
80327058
84656484
47647131
50842008
63345587
95712502
53723802
53913312
37723972
79675064
90200022
42543535
17539925
43674258
88588047
19254400
33475293
24372180
87738416
11676138
93688220
33012613
48832394
75806165
25519680
8936091
12119709
20369205
22210812
19111781
4434881
92699869
92412552
274311
10493358
20438796
23883024
90659329
53913811
76722672
71430693
27488560
21772798
43472684
66086824
62681330
24386691
24332036
30764857
48911946
27844121
10054786
45358880
4376625
4370224
43746875
93394821
17043562
23397656
40188548
52131082
401484
36088043
92976978
18981329
17221624
46827697
78438059
41666090
56211414
9951773
77389812
9522550
54220958
222178
53363227
51181804
38609077
43789238
41232138
98852096
56624527
48233871
64100109
44309611
28329465
94617478
4483567
18991512
96499201
60062007
93846779
42515595
29719920
23224377
67782703
48510434
43617369
43638607
63277119
97932477
93960113
44770979
20909088
75944875
39000999
1917040
90739635
6351418
37447842
11273096
79320608
58283830
4725258
55990951
20540278
44197013
48170924
52715497
57302585
27436602
54810406
8656959
93022702
18065326
83512915
9915800
54683361
50909002
51321898
20581811
66312263
55344081
63846407
28822968
72315919
69983728
74424174
12265393
94394689
91784548
35405471
96318243
68188500
82199502
77137916
20545536
83828816
62972035
5741890
70258696
59887878
86977226
294188
69995992
79394073
83474502
49860072
94227182
92395069
22317970
4761407
95596514
87651535
49201884
69112948
37731060
23670821
82785439
29621254
48767493
71069794
47501321
4812225
90589734
32592170
54654354
26329480
7890941
58090019
50195165
64142364
49593909
70483552
64927666
56933553
19105333
81957908
72124833
16843180
15483727
12690882
93329122
91267623
90192623
59745175
74747108
74673761
62180389
18540784
89153561
13579344
13212558
51738058
49545515
23649600
42047394
29156147
73541425
64026885
44516089
24436363
16105594
18134225
66080035
48155808
26332876
8470995
52239692
94596015
83106330
99158600
91158709
37381724
76339830
31973030
54347883
11696281
11949667
61884008
95445479
6921637
99508351
24849328
21929419
57813954
25187623
10499492
87019489
91952217
44810971
74243188
8095101
80089533
14413596
44495472
52344623
54274983
51105363
62675862
4484170
39520647
39927840
10054132
85178135
7853205
77563706
85759465
73562667
98600181
26224733
31035721
37648188
56425084
9184619
7938527
90492122
30010568
73274162
38920828
59341304
65698171
90123186
60566802
71726792
85928972
47621374
34828831
85815247
71380254
25230050
28875740
49333111
87326359
22676241
73159092
51108449
82109421
45818204
37445614
21626178
69451227
65150812
13450024
73997666
86436232
16294504
43375869
88480431
42562857
49644256
19093579
17156910
80082443
62761098
52008952
64730282
3651566
53078286
46900502
15663150
27864981
7522139
20247417
58863122
33594365
24959914
92267973
53950698
70987351
16718682
77080016
87900880
98301672
5411911
24595949
16590709
65498772
21555649
64227485
78071273
27062093
87667428
42342159
66399237
7811560
28462999
80013885
55726428
42474906
19011772
8929071
17921325
47670538
21300247
563678
93407478
38201548
1916737
85280520
43061546
13361181
73174502
86662036
71211928
65710646
91622787
58309975
92046063
5947543
12890983
82529321
88970756
61850903
18829733
9722536
1101897
32172977
99347584
4384585
22871605
60536025
51536221
93386018
53356102
59447268
2118577
38066578
73568251
53042441
97943015
80714549
33019446
58009169
49012057
60638425
11522408
46564740
83438909
95850085
58829814
40382122
66424825
87844683
17110050
66990299
1543963
66248440
58025719
99238508
84673738
33842571
87895721
82453462
11848125
98072886
28724089
8365183
49384910
56058923
33535980
94902749
57543790
62331871
10187249
15636063
36787524
36831555
48133044
70342800
88961720
19521194
79525754
17360405
71390753
34262335
57134041
20863013
53362314
92268628
6518692
81913264
69599740
97206371
11341977
4555135
86254221
44185257
94679415
32046603
28900673
6294804
47285412
99529829
84904023
64856811
16628890
87246965
57483907
88370219
6785299
83486829
81451867
11254182
17567959
33506406
18921342
12478466
88677219
70163242
73930506
45323871
43089788
33173851
90347334
7483837
84116128
21416760
18772430
23243281
21563572
29250225
20113209
69780874
40203759
11360783
10953573
81935522
79468348
41999168
90068220
7614986
91224782
69624670
52428818
89930406
42081565
91722425
3369550
95554178
97976315
91364436
60736664
49824702
58784705
77361263
41288897
1913826
50992128
6554361
20300382
89566997
26188176
81493095
60615110
62575159
61352744
84073131
28428941
51907350
71567907
99859367
87518494
62800860
83684065
24480328
10650230
70877517
55263065
32505285
71626802
91679213
426459
97957890
94943964
21303289
58437789
96112681
35644176
87181196
6086124
80422482
66178177
83266420
20491096
84318565
76299853
62118444
11930871
61453408
52854682
41689439
29146050
28363028
24464983
24395110
61644522
6694313
43117351
58292868
47107564
95904938
85200362
32489778
34099096
72099178
90180070
62783524
28671716
53712724
75762254
25760259
99553759
24402261
99045847
77083442
80418617
35941328
77992249
22387357
4363194
62950913
97844897
20833323
85445675
24907563
17713867
45705413
91974929
25758846
17021736
55474336
72104276
56190950
42437085
63194164
57131521
68837340
783563
83101167
89491263
83107036
21950365
89877091
56276642
80378618
59051615
54665846
58582960
32847137
89970376
71917831
85346817
54274600
64290207
97058414
15817598
38016884
84980193
40270316
24500019
10066311
25459672
65126048
90867843
41472550
69029379
62096673
1270545
68061329
62838536
54864340
82908301
10598881
10636040
34167629
18787183
79801683
99608087
95400913
58413855
5633906
35292144
77979441
16617474
5706010
10786048
69599141
2087227
93832521
53919867
5016817
61995087
12953749
22407188
76542035
10838067
24867477
97263975
9052781
52635831
14876492
12389402
11780246
23555285
88872321
92054255
58962662
2530623
26856869
85957487
57276045
23458008
81113428
21285891
53782792
99704532
47696487
66555574
55877188
75572136
3209309
93856493
53121401
9713668
56351072
18183398
17466217
95074867
37182269
87844681
42146374
26749636
86403867
86755303
69425002
83290978
61609653
56370842
29108157
76434057
36193948
15233456
65244205
93298843
92448732
85057850
52378369
57864416
50492078
81509506
35511254
53740994
53769496
75478486
91566741
87790148
20840390
25521529
15621911
32834110
95630911
21827912
7597499
24500710
67903348
12394966
73689254
89504532
832441
53573551
86992012
6125666
13641110
4935482
13177856
45993374
53950111
7659746
11074861
94584147
64134775
52789327
12194623
74942894
69844884
77510179
25447779
68000280
37688458
55997976
48318514
34243518
54611548
58423679
90021557
1180287
20886146
43413372
21227116
24475373
12411473
12280030
88308207
96145908
43138178
6851451
60894782
9940847
19285572
27592655
43641805
21707440
52502552
40960939
29116212
91689488
40999930
32316762
92255180
94828447
39027068
81953709
81239827
27369442
22737972
14871562
78859661
46067376
93341994
43320481
68898369
34719061
45305837
84606399
44173845
98947777
43101109
23316069
87024388
91541952
34791960
27090702
36756
97454170
2258869
3706575
46136305
55924863
74271483
13178794
44081009
81804379
5058291
90590855
20840166
56102262
29372583
43796968
95962101
76471429
35492031
11446719
98474138
9730305
42103343
60560009
48334797
60411715
73618329
76169157
27940133
25542521
74008697
98059483
93069369
21487228
58979843
11825680
8643999
3545964
99082854
47723721
42408876
27429993
23836511
60872533
85916070
34276279
84492826
7408266
71772503
80839472
82634476
41253369
84833232
67391010
98728439
75530475
68101049
48731516
54716610
30465191
15392459
16314653
14429223
72950841
27262952
12889088
61064941
10362678
49417057
55686616
31924397
9261539
52269484
72526869
11790392
84023346
47104535
82969441
8168276
32183489
28257613
37991500
53414349
31836837
30159831
28112233
92782881
7973318
17368316
14459573
86033051
19682787
62447974
71960517
87472353
90613236
69112500
27303941
85305120
73140973
92769959
54658657
97817379
50811997
68371275
51723330
15636251
31546152
8057630
6679966
8468431
14809372
45218255
87140746
36020663
25441045
97963526
2121544
62177181
4898026
92912141
69383752
88657051
85375137
31447895
91202504
26028948
39437196
65110141
52597703
6012916
31900046
39556455
97784595
55697888
59937086
14713398
33547750
4655235
82478918
71897040
28611415
44411758
78229647
24107572
40261973
91807876
24379112
37940248
66723287
36488919
19801364
7344763
2284138
25982017
78505063
6789032
16640848
30235038
81721394
98025202
13781993
9659066
68813935
5233243
66624233
81530963
97831935
70901570
78171716
84929001
84151296
55766558
34218290
32141765
57277630
28023190
77023002
84324492
51186933
61436145
71326349
28103834
76320401
67528129
66536482
81373998
37680184
80823934
83721008
71183636
47321805
86399346
3499717
16420242
18199603
67180512
58789763
75229986
20465739
38429389
50064052
10003812
25318969
60800237
89411896
69203906
38927911
61177752
16604731
54596745
30562754
60780095
27039791
16611656
22735219
56567744
9439606
19141834
65161525
74483085
58870902
26896656
53836096
33613538
61172155
18371895
96635403
81573308
97432329
89104712
92082837
69533201
83080735
99161214
84424293
30379947
32240667
80496985
30790692
86630330
28772809
14815772
9789770
32826591
71146496
76560247
30419308
59652813
74194627
62448776
50640976
25628386
85476977
90390609
33849658
45774484
24934723
51197242
94074916
92489825
64389607
72762774
20002111
33670937
37726389
47504913
15063147
57458007
84481615
75535992
6660035
69381875
96149659
36770842
93278067
92388792
54380379
92561464
96332479
24882329
68174621
28528517
84753235
49820632
58091275
48576842
5512436
49603933
39117468
66825269
23485603
4218131
82898896
71102873
73055036
9494942
59853840
82249644
97069489
85238447
40298833
89939955
90450774
3220833
10267883
38597325
6536853
36422947
22876017
71993668
67897908
3524051
89173846
26728122
83194928
57562442
40915662
88096703
56666988
57557942
83173653
77892127
41236353
87355683
44958899
45211628
73591560
84810433
75437509
68405098
88026043
86263819
690135
25556765
27959753
37414677
82892403
29530102
63192912
89792507
80184752
79602645
27418229
46045005
97181476
67788144
10687223
45017885
83295646
23627854
73404469
5442085
18633622
16843429
89458073
28005785
51266694
99161080
30165567
25558010
78549947
70381714
47279736
29250933
70141465
38931551
14257089
34389967
10892345
67434468
38835172
42736957
27820227
7926908
52518056
48778443
21060731
49345613
53926565
46385188
61408165
91430847
53303270
62476902
40533309
56239612
34532450
34713685
87341
3033013
36644204
7596086
79821040
8077091
420258
8305745
47097184
36925712
24835647
30212438
51548920
23297611
54935032
46355084
74987910
39574459
84145587
88721229
56267446
24194351
43694001
75052377
30463853
93772578
51534763
57375349
34561799
58380574
56745690
90233359
46384301
91745253
81076756
55953780
32124698
97919237
17376498
17989231
16564437
24631544
30563073
24854585
83751470
69271624
90676780
88543470
51371683
93746725
8985144
21670212
96538185
49234083
49841933
58393497
47236905
84715117
36424332
25032977
45391675
18505275
80740954
37664632
85922344
2209009
61414187
49495162
63119571
66797181
52937376
17089777
32284630
17663186
88812625
28481543
8481122
89482714
46749115
29871864
39720071
28051232
19083216
32533799
57426473
49330151
22419906
1507652
28368276
99330130
54991740
1586068
53378650
49605036
83300492
41777446
13049516
28251368
64553373
83149253
32145494
67047787
13415261
64337202
33077448
16790414
21883553
85138763
75782079
35114707
27532033
33776266
49463961
65817497
81213844
12731152
52057559
80998232
26702284
7184215
96386144
49278614
17751962
44312701
818900
95283821
59080996
12447175
76297670
8447369
66749312
76900542
73521090
40986194
11795082
56100850
97836024
55441966
18671056
42569261
97894219
75291091
12725384
58327135
36476677
29216435
68352723
22214357
24243020
83776825
48411344
82652449
52575881
76659385
63506820
23358894
38310591
27306442
10005695
71191821
59941569
76282277
44183280
37681820
36795929
2692652
65513185
44623369
7766284
43926307
43436730
5462661
83296573
74542529
6714106
42299245
74788235
34895212
41408445
70593472
21488743
45911967
8690485
90542465
15900610
49382182
71729661
69079219
39747267
78383364
17001599
38191309
10463263
54040574
92900163
18508366
38875945
64218472
22256373
37239724
99598073
34834352
85246321
47924373
37620078
98460692
18296709
54265029
43639585
54434742
40095881
28189684
33058751
82633338
39649729
66200756
69623104
65492911
6027658
28168169
80091132
12702725
58865161
7437193
22798344
14347744
18626022
27894362
90209881
99608337
87003628
80461239
22432503
94810075
31424980
45445324
17576817
9675207
89652499
13890295
35623803
39277239
38929021
47202956
65246107
59533035
99600608
77648572
80930967
93619720
9271994
91520093
45005890
25774977
24874609
15673778
75956258
44838356
62980001
80709320
17396825
66807341
84514339
22857224
64164332
68353898
28742200
25097191
91564431
50182311
57066460
45674551
55382545
44764106
17403834
10475981
3413577
92188672
20698424
1060589
65459463
61365921
68203340
19085990
7989874
59385575
37155342
6774170
77579067
63362830
14863960
84647443
15605924
23801778
82974321
88044863
15895779
85612739
51946345
35680840
37786090
34455271
92044119
96981756
75943791
58831547
55315279
21274372
76559980
62074428
63564547
34488109
95905107
26225377
74930846
63448543
62701806
89902253
78278845
57957070
69236570
2754505
88516754
45345152
54460367
64326407
4542128
73589104
23149680
55177032
29435696
84586711
92075816
39247972
99552432
74128337
83504546
10203995
88163953
3780372
34035905
85317133
31629076
65011321
10623829
67139327
18342826
55938669
97147059
81703190
20253086
26984848
88421162
91733140
12108338
60033567
89781773
22794742
89501286
82367927
45177187
30653748
63231041
43665808
67777591
45450447
53760365
84754696
7533125
54103771
71306150
17368714
71578160
27619798
41200033
77442217
45556990
13284119
97076372
92621193
31112852
26491925
96340744
9424995
55544068
20826404
44389695
16418522
4172963
52190268
47009592
29002165
71069710
57166982
14373101
63641001
85602570
43672316
7189835
59529897
71278157
65012530
82100876
16156460
9415921
88848426
52568069
38267388
29465230
74816502
19516129
35301071
75793882
81579210
7755714
99715378
12152030
65471373
98943223
51943694
95565135
88369488
51096234
77598785
44430122
69371553
14683646
64858834
23183035
31736934
77412742
70494323
39673070
17445210
36717943
42741951
36169766
79796463
31831689
38211552
52587610
90976946
47223311
26767367
40089592
91179117
91308347
29584738
37890855
17102485
72237937
8459914
1077791
84246620
73376120
3325767
42327320
50483158
98625490
17094244
79332721
45181817
64310051
95092027
49631367
60525716
60871386
8324155
13894417
44155602
2746987
92940761
71266376
36291734
20429536
98157361
10864245
87851636
22540515
98987696
55495081
22138571
47070944
64390827
643548
42021041
63814108
1213842
96892841
27815422
74179976
52771321
5933518
51707837
39746939
92047697
37476805
16588107
15884453
7095987
13118874
81231515
28742727
70265432
41354065
71657661
73712332
99326763
3336302
38998018
39789495
6663575
62961546
70356235
33225095
87476680
78878495
17108917
22410178
85283447
15212428
27616821
58254733
67442596
32115416
20563848
30573603
45121017
78635749
80429240
95070206
13579029
9108598
36274917
59587415
15248455
47459691
42199409
16485427
49568839
26332255
34536218
99829040
31538364
34462637
65611997
81027444
71972369
18858550
19455983
46728125
46981477
98939582
56510818
24170601
30863343
87304108
13117108
85357813
70528211
78190562
14083986
61513423
40451179
85739150
37707522
55156294
96080574
6179936
65912799
19233308
53852219
39306517
47852916
28969822
1354524
27185419
28550469
35899085
51198378
98636361
92697765
70771206
95303772
40288468
37838541
33064855
289929
68970334
25604353
99784628
69940978
10565242
5957133
96277106
3326320
19103711
23176523
52634838
77988669
24354118
76984471
44342728
81214579
51814834
92354146
93616692
92257105
84052404
96500554
94124279
97830019
82711044
15769334
82445250
1059821
60184744
62423701
54683032
27418908
31940786
45680339
19522643
68563064
60239220
25346548
24942470
2187220
61193229
56294956
94467766
40527496
60983678
68327979
30416770
91334917
62197759
12070664
2941521
66696855
33437163
67596134
54981234
75074591
86521761
17796172
72547394
28574721
34282291
5328651
74789993
44568648
64912857
4902014
48389058
29945235
47406702
64420522
48910805
36524887
24343530
17888418
9017675
56517629
27675094
83062062
16224060
2565488
2226623
17101098
89677824
93956924
15110529
65167226
15098730
3916479
33837028
47555491
74990454
76785033
84496797
97279239
94807535
75426329
28480413
10886168
1334588
62480389
43882439
85118718
85019559
12027953
12855218
47004531
59826002
25787810
36484182
84823537
64246935
49572154
80139458
87543318
40409723
16799841
22494305
58531673
70165129
76232364
26712733
49979940
88445763
42972123
56045035
16740055
71005790
26957351
54735079
65275399
42739553
20109685
60276336
19704454
12330497
58678350
91464684
62060291
30668266
46370407
84210208
42194138
21885384
7025499
89330253
31480976
84459011
39798134
69289785
87644257
77450965
62946893
83320486
85152583
7024212
67550820
28830455
11546545
85804962
13984198
81042104
20635877
51175142
90698440
49507279
68003307
8326446
25001476
93981713
49845615
76160709
41815327
5824451
67405104
43626486
77611528
7232840
46648635
47991089
40244529
16692442
55879310
90478192
60562035
18406905
87850412
91352336
18706187
52991123
3476027
72974442
39747095
65945739
53751504
70807605
84896920
73790907
47495428
89652540
10638387
1843850
18565628
76016290
96524644
70703135
28985404
90729530
73816514
22116294
70171064
82187149
73448166
48874993
60961989
37704837
37833422
53848058
97747338
16769787
85019655
57658645
39753750
98040621
48173537
65826445
84596012
28374918
86270103
69839491
93201221
77673154
77953766
53734215
14944961
83266158
78873502
69958540
36025743
79791120
21699873
6386415
80445091
1077626
23597276
24139932
37364574
42295948
62373323
26259184
28664240
68315415
43272241
27756205
94470030
5601564
85319462
10607032
86493147
3844239
60820799
82450711
35909821
58236407
7948368
94042086
63458768
41621621
67006628
26221587
24523710
3375942
16349274
7663154
6567608
52904073
41901620
65595871
8331403
30396073
22646099
76653538
37787073
13671565
71844624
930064
63096996
51913128
30240371
91590195
73580570
64136679
66010429
56036835
67696791
25609593
15063314
92598798
32379513
37487591
44519724
5383700
40611777
90240241
51095942
91081435
48105199
58220322
24803804
14501314
23951285
17541473
81805444
34270490
25352246
13235007
28891318
74774022
31118637
69765215
24435354
61767551
28734451
249670
83021628
51264501
31051756
15652440
59209934
46428247
22074848
35762082
57277342
72542429
14413394
7071323
95492607
85088592
34604280
22930549
54825960
44475978
13563287
26642411
85813960
2927821
20612280
7322814
25601413
98245861
46821402
65511958
49917369
23006070
90317399
23659871
15447581
84485112
91717833
18502660
12339766
61541254
27230177
20267051
70114341
64288289
56121566
57245826
35804251
10315036
40318827
20787420
17508139
89785468
99664914
93327830
9750221
79632928
66190890
27875893
23858050
99217599
91602768
90957308
28726428
50662723
20197661
22577670
22203801
54423530
78479441
81767875
96164968
95351213
15973224
27823549
84934133
67803633
65598705
34081077
76399332
90489829
33776202
64092356
19063194
12351757
4918837
20683900
23660475
86745329
95454957
61534403
9670166
43846894
45011597
34790139
11398246
27577488
35047444
38612103
48729121
33484596
87568669
82311346
47354322
12447234
80158553
85625108
34818164
11645640
57677056
66844089
65573644
48125767
99215729
86405265
31966459
5719022
59136070
33064066
71875077
58559941
64376566
93865039
94774678
41883673
17279006
33486092
28500716
72191568
17407069
18889169
95456471
59278215
55223294
48407404
85697139
9373485
79491034
42045156
45911224
38381281
92966092
11184135
4103654
75071593
19973603
88872809
94290565
21845849
67072319
63762632
66918424
82348862
55918911
74500983
90747368
46450128
13333472
63082800
60430722
41103643
78616492
79121696
96869807
96146913
60876066
20941549
15295479
11043736
77852201
30002067
31321980
22270367
72804853
40339010
60466875
81079096
20548403
1838925
95937620
52036555
98698047
95796784
74570913
54765717
91154777
88656524
7704615
61050265
24091702
23453867
1466475
40334141
6311478
57410463
59349645
66446850
49566277
11924
31756498
34026268
46431716
77650614
35439082
99618744
48448623
87024102
80456582
52273591
15284826
76143196
93985867
75708040
8952547
18804719
75910211
99887431
15466640
27352976
3548837
2519565
18578547
90566360
50061786
54266083
16180274
48738708
45511098
20564166
50712913
30516122
42405009
54542224
47211576
44385008
73982735
62425175
29392524
28480207
2518629
78562743
7021371
26028955
32428175
20662482
8573198
73618862
67910007
23338737
92825281
46784358
78582388
27095513
20874228
33206782
11139913
16884310
62745457
90357653
52181679
18426180
42852673
86104341
19190818
16015869
98155789
57775119
63005250
96014385
58806829
70084396
38196726
60318269
75897474
56791091
94985240
29227567
29005260
98085112
26629123
87601927
22875093
66672912
38669363
47881348
29737728
91696198
7611069
78226878
32237402
56006508
3403779
3919127
62921366
1252353
99575711
82069208
14701888
76942517
98441456
61258061
56623294
59742233
72719296
19109506
35146026
99978810
12823492
66271752
73341309
38183876
49015476
99271297
26477943
75902057
84343899
62747275
76158054
22269583
38898389
68709671
48439119
29607678
51280021
71716681
49721650
62432770
56207363
33006069
78944773
90010233
17601741
3554243
18979485
23590806
76569882
25247112
77610470
5723195
43678594
51692125
61265961
71010751
90653228
76201080
23357504
2267999
61164163
84831036
80277711
69504435
23135170
22691421
10933151
56886965
47099816
78526635
23517255
36645498
95028389
57617997
26318763
96187241
28760790
39390461
98164046
11137239
35048988
99676367
15579915
83130060
91060557
60847084
67684253
84919333
24667453
19677447
62801271
71675371
82061284
58436476
32322538
7887879
14932207
39514248
28851183
45799004
74463992
84914140
63288020
82473106
80633443
49540753
796325
6686225
37963530
30277497
46575685
12477784
6135318
3122699
40184056
23239181
6573483
90135533
61063581
53412361
53803925
11314380
3968343
91217123
94216768
91176633
76650688
14495572
53300809
26329962
96713916
9921417
26723699
67394334
13802545
86182079
5396494
91635194
77138180
2590178
98904844
75635917
76284869
32238984
56010966
32602970
63854171
89387940
42984302
63047760
69524613
50527968
70651248
24490772
1497219
91110067
7543467
36422435
72396533
76937850
63293009
49563628
13108
66926635
46842084
68433932
93808970
47571706
38863057
85781572
96084968
30998768
51007224
84205151
62375348
49266255
46876711
45533375
56259934
63558746
84660695
22288121
72539042
50623588
84688696
72778652
87535450
74783684
14625386
40084909
55043835
82647729
39833119
18877748
93519783
82866669
86881308
76906199
23027582
72317489
98150710
11120589
14907444
85619909
27602634
66201017
87212068
23410228
74839775
57739423
10846263
30625158
62603658
96048399
68567144
80865558
10837782
42144174
34655599
29509983
30783606
99847962
21901268
23796021
46014638
77855610
1198673
3970311
34210989
51979033
93733061
36428311
98236851
38610867
37411207
75511390
8325123
30066871
50313035
39868954
97815468
25581982
29925047
99985828
57322659
27781745
79398602
43957301
50694500
42957903
68793384
53537892
93935946
17119751
20083032
98105766
27207261
56496707
540172
59298253
3490345
59917293
18769146
3361548
63634733
9952681
29657633
15450277
64214899
12170911
4970392
83157400
14348633
21809972
62172176
44977726
50698977
31161612
59109278
50161066
12564850
86629079
15024776
78005639
2159001
18288330
74131866
53246610
60692408
82445345
97862441
25692062
9537900
1336371
35602302
50963153
32884930
11021869
64683293
5090063
82205648
58694768
62168215
4532189
96535763
78573184
67058219
96524318
42339087
30858870
46869398
78626436
82733612
76960690
45335966
74184559
27102819
15646320
34802929
33788661
41830248
95225479
83684861
86527100
97522577
1251147
90357834
36450440
2708489
42222229
6633135
58196625
78755709
72908106
52131609
68744514
17329529
12610062
69029039
59857438
57838249
2427289
23899076
56488477
98708953
55475806
66452293
77375368
96109833
57854167
60668787
71736054
28813676
93830263
76857003
18619143
57906262
85558736
50184862
67008498
20495970
81412085
14950359
66474118
56212074
6532043
90880228
66038433
9550396
539897
72593258
72156262
13411596
56570383
86955740
81252541
42676132
7847165
90682125
95475376
79033547
1763349
51680332
7067618
91945014
31296312
50823597
92504429
46292507
68269271
26358645
70483726
46093518
3233071
1198025
27598748
40324340
82052340
77786212
80516831
27922726
97995869
20194756
81787293
15493470
73266964
45604829
56356634
32552455
54626620
8977190
21604981
93158076
71808622
57663196
28563244
20089519
53387345
73817744
96448434
83479775
42066410
71999010
59175004
21613572
82055149
51462802
61971630
83825881
94379956
43835150
99482055
86415757
75116403
25478626
75315374
96326082
11352306
9744720
95475542
33745087
71525093
20742400
81517962
82389946
16503393
99845288
7958564
95591084
38359489
56131752
83238989
77631624
73647025
93221087
41672312
47039247
64145689
38727793
4879403
13271608
24506966
48177600
70587173
66788754
92077992
26697749
20347679
2399132
29689123
58927118
26979053
33066733
70629330
4980250
54523477
21653111
5924749
2305146
78480810
70142837
23707933
94876477
35284179
61880198
27531304
57720407
62751502
29137630
27539241
28818966
22111697
78224381
6348634
60460671
23536503
35882137
21223022
81751603
26424299
25832377
34719607
52384935
78228896
43539993
21266306
35913106
35157100
25309431
66057710
66203894
11481937
97066627
84555997
54279877
52077051
69339355
53980809
26102824
34894253
21197489
90604882
48851568
32239406
24134515
12834439
13797256
47667850
27315721
90399523
11027077
38140998
39047695
76048008
25574439
99635728
37987733
85225503
71873996
52563602
57122314
64510130
56907202
18047363
43732898
53619173
71564714
60458575
18542502
6864617
31687253
83954923
41250919
29311434
39150633
24109761
12318199
35561670
64442732
39308775
98303363
60192716
96690958
6979702
33220139
74564457
3384650
25816236
64055767
63736560
16906582
37326981
47049185
32522083
87824514
77237916
91125110
60704404
56511659
70226886
66590693
80581828
51485709
54022473
37351155
13774499
93871943
22875495
75468652
3215104
69091240
88706858
36979543
86394022
173585
37610612
40946284
99717222
85243757
28720877
65405776
74120003
7936930
58382042
37907742
84355011
28061549
49915654
44439266
73813730
87875353
14392696
38070740
4731665
24106109
41541580
79509341
23978209
68477142
25463009
55346365
51658492
14525574
21407576
47285630
79873302
18822782
76853993
73076342
18300092
63458830
553992
29160178
28742388
97911205
74312703
88652327
28851262
50999700
59945428
62899391
64818943
83921472
83093020
37341876
60673451
69376117
78956763
23731092
38363989
96202353
7124959
5242617
46021400
24943087
14518071
52094570
52465465
12203460
26372009
75312322
81215134
39335462
64459619
60640006
64378015
48220036
2259024
63814402
98241468
27502726
37553070
99242269
36806946
21223571
33920920
92921711
24222836
33146829
3895283
83689563
17507186
69495404
62096225
2497544
92987719
2093487
12494092
32084317
22081585
62858442
52066989
54732388
65100840
75550163
6471056
63388860
32925736
78517771
18037209
13508530
95686668
88803377
4150960
71420212
44061750
21087921
21549163
76084562
37074240
10227875
6553347
45493977
64386211
72488864
52895534
22687185
56600863
23659511
54685578
43042294
76925950
34081067
91969606
38702020
46502645
50819343
30679356
64209137
40837862
32777591
70432371
35315908
5387992
60922570
6797068
44176458
89619305
16554789
13467684
9333994
86423982
40531006
38740625
18944799
81077271
63770538
21485978
63655399
87058371
44688982
62496467
81195018
13739667
52108342
69894784
97639062
83056948
19917647
49417084
87562600
90662138
77654528
73103556
94704720
79503332
64453504
30531305
2541214
40611588
50245825
73541514
67184896
87565555
67724868
25759462
48841374
21183138
15954856
98694664
71284412
14705620
23581074
42282013
1975932
94618186
72270925
74239603
61992978
29821215
67234000
69430628
42870461
58661395
39277133
22613462
4792434
63108645
15994427
3599940
36604405
55458187
41096305
17047033
90585823
38905827
5373234
94678660
44107041
26157729
14457232
53497116
49657226
22432813
91795013
87989441
29953977
99928631
27185548
82827818
12898640
41766176
48804333
49539806
64622896
68441305
82596798
17543044
45222752
36898319
36099993
18819022
89680084
25563225
91393674
11929636
12384308
49552048
23985376
14901460
30359214
2196252
59030101
9036442
27258673
92131306
80461022
25175491
56842669
6056379
85750576
81855267
32484006
20227650
88273664
8395587
9977649
10164956
72775604
65135048
79231529
31133658
83906053
67717372
73736165
68689671
24753168
82280422
67494157
88533474
28340092
81170796
50672562
43978271
66408806
28004189
79483597
51557565
41000877
44587866
24352969
10461462
30822403
22342298
86893310
88135538
90238728
26080017
77892892
46351261
90381375
99061554
82634686
95382547
12792856
76912420
62467771
39593010
82039012
23826575
42306637
30582044
39308411
3810714
55069134
17192743
26194453
30588531
76283995
17327997
83815480
68827147
93475099
43293040
82042718
730917
56138952
58283397
27776376
33768115
29650805
39938974
81066722
25813637
85672414
67834275
65601224
89870821
54107792
14261300
58980821
43830454
90984229
56299583
4264876
94184562
82932735
37998053
98647617
21349509
9562879
99539510
90289777
13504871
30518708
74263620
41585644
12219046
93038436
3387335
1957707
18095580
92106626
96536474
96907484
71699746
46629167
27692999
60884823
20829843
27960206
23341137
64461486
47436580
72934189
90895369
62446916
14052971
75479199
11453895
33260393
21435759
47151080
17452018
8404204
98547373
17285183
20833623
26663711
41173641
20134780
57910910
87774466
45189919
47042001
2233909
45713389
4459779
76265840
18158617
92865832
70299509
36646747
15633868
39603018
25678504
86657040
84650205
55646196
7795299
9450188
49523147
33547703
61088717
69774986
26866956
22864384
82707413
53610416
10524791
26954266
3631949
90518452
95940708
9074152
57980457
38822990
92042314
2375128
79109240
25009414
80269398
39954998
55871672
26244024
77534127
9547392
2159057
30927614
50402493
1479220
88321593
58477666
36214512
25299563
36604069
46963870
22454841
67320366
23690540
64893496
30338544
44639619
75748631
7873162
114358
8218484
7598774
5462332
11646534
45027408
65411098
23572942
54159013
44149192
41171052
32508517
8647687
49002728
78582156
15604085
28961032
76494692
50410493
81979044
20282876
76237442
72164259
12457834
8361529
67539318
9375739
61271706
27349052
50610790
5901386
81005962
3282190
16181690
38733087
53897342
68947078
66583694
38707492
60506186
3299624
59529196
96517646
31116930
19470553
17519726
9343339
83078390
40333420
57478654
10852431
16165646
31395812
71764455
7460830
1884466
18021187
73438893
70895132
8380608
92691431
42600590
8902300
18436581
75719990
69306005
87825095
5160232
90388480
54609566
56736727
13210389
5306536
34453215
85736228
11221871
18580532
81445153
26491438
62892232
5791979
37582939
8925974
58464325
7305680
68236196
77692800
94388836
56145112
88294295
90793683
91803439
36656799
48261088
6047810
88425934
49104639
46109972
60412002
55192590
49017986
75728393
56577211
23496598
71760536
32686743
22609034
88819201
81291713
67163877
66399151
91989558
10874279
81804898
56764599
31581664
99437824
26985770
83316331
98182286
54929293
38514266
30397744
2236041
39641565
21061952
41608868
20462875
98655812
23490804
84067009
96971003
57370818
77937427
26303248
51447567
8861845
59307002
33053584
15090349
79278067
66972970
39289469
40424314
35659797
79123567
95333915
55803852
41011073
40656630
9877662
56708697
8701045
63311060
38818816
57883889
14280659
51744890
27747793
68797528
46619099
11723196
64930115
95438664
50807195
29631066
83971191
16675621
9165668
35332292
68047797
35636012
39468665
61529694
53066780
31279767
84093286
75611646
82669955
37109779
93460221
86018148
30623147
65433837
20613912
39315008
27959497
28664755
54209257
43511199
87403598
52747466
12457669
35059248
90063312
20156344
95225215
7421940
38646917
95546929
53747231
35204909
28061823
27517495
41193616
69885481
1948634
26424633
24077929
20938460
99147817
48991594
38935499
23277479
31004550
17939081
3184062
8103133
54964584
62970353
55666092
73562196
69281061
3035861
85330795
22436696
24254273
13137605
85418335
71245487
49806089
45604718
96811850
21670319
29538356
27170168
93254924
33173024
95967340
81891073
66027528
83574315
71656310
64025823
23385293
93204859
15508047
2398822
84087318
445252
6378645
6240701
75043791
64512404
40848133
64962993
40659678
48024795
99705193
96183152
10968655
78070853
39517652
5349211
48507918
81010754
99167241
19231398
70408642
2022765
16168228
63031509
44886109
24506826
9224293
28759904
92960009
30839296
64341587
97083517
58015516
97055661
23512741
81336346
85367107
29675007
58619169
53047012
25821290
43656549
50977457
40791737
24962315
44117964
94800220
43113878
40765135
91286150
24991812
43848343
13934615
13926643
21683187
86864446
96664348
49237751
68354015
27686355
83515458
52357489
74908125
2688934
21865675
57233053
63829823
74376447
74424292
36831968
55366045
16449845
79965603
71728834
75852176
34178935
61511940
39773732
96590119
75418694
94641110
27247512
43448841
395697
16178811
22506162
95455028
78507354
24934581
53191328
16616448
41379343
98507912
84172506
15096688
89240894
209527
14985993
8453605
83358608
61238970
41775282
34559057
98402255
49347066
80808108
87222478
9878799
91768997
92353877
146623
79147577
9827096
20063360
64238031
76838357
78201232
70481114
49976602
13901887
67587702
61192417
43719557
28935154
55909847
26446663
28067126
56149413
1783865
26238760
15652176
26248576
24824183
97325777
74933782
54217484
30291138
35013091
39568073
17682721
66722218
1167165
38770871
36897634
81764799
42095978
70725597
39430445
26987219
59304526
66022439
72092358
92405159
62922466
31405409
55499983
48971776
43333216
29191309
57861695
86975869
92666762
15972954
76472013
59079137
90128802
14119034
90033910
39525629
52685890
914648
52307119
75176190
71871970
76808770
46105781
60607973
24584357
22043215
67498655
23353723
68840837
18313517
41147802
37972330
274779
44253433
64119658
63163797
56584238
22148229
12015031
1663739
26255758
44914902
2164955
82684183
28002402
3141137
96083357
39104635
13862035
88964235
94193271
96674901
73374134
49157768
94531113
30804394
21525882
55668381
69795535
49968427
45076082
56558281
2967784
87183307
99939249
40424484
59418537
54456149
24511338
38616495
20727914
77773234
38544484
52536275
93335308
29865682
87604152
21009910
7561391
89234695
70030201
90028467
36527081
40702117
66874319
82875526
65582881
61169379
77303136
84788578
19962362
86859915
5580032
16497534
88983653
28108736
6369683
61345241
94672320
77009537
12999400
7635749
84654004
81264514
46349
78004930
84346084
25446136
38164170
93625792
2124620
73966847
6860202
70998504
78072668
791661
37678373
93915487
78801968
68209698
87522364
55304667
96469762
66577576
28726857
61563771
34749487
63502150
26440149
51516705
6667683
21407567
27178397
57268533
14102225
63572496
11111651
48330410
26117498
25609363
79992755
34005898
81398023
22862009
57029196
94954423
94180157
19401598
54055890
74393027
74504044
59078242
16414942
50376826
62734178
48804492
72453163
26461758
27378179
83061463
70677380
59308060
59025993
35890673
27368227
306808
75261333
47527490
41641599
82385486
57991282
16249034
23105864
21600382
1056798
71303578
83574830
38756885
17626418
48007994
89536895
52579447
64963397
55383854
4792067
50259765
3864749
93121754
26009188
79064945
58516632
51023696
8621707
62717981
70057824
77965938
24429057
77930592
79010494
79014463
32496364
10267602
97249846
13273655
20882918
14047679
85818558
23210545
39492942
46776512
1144985
76108972
76842946
69030127
73149401
4470884
8555056
54348361
31292488
42594771
84997594
17024871
22646577
17817748
2225076
77160465
80406879
38014002
55854738
4300011
15105165
9793407
62565807
23607080
18397565
35535855
51546261
41729311
50089427
72268902
43604088
37024911
80757854
75220311
42664626
86510162
27725583
1049453
20372039
7806687
99875851
15083994
90799355
59094821
64545606
4838541
74689267
12758265
7232193
8253512
39312663
28370677
56346397
72481059
76873942
65370114
58219788
9427496
60382077
63264599
2962177
21510285
45150678
94674925
46075341
33274917
99359950
1823390
58889116
41822583
32593710
55890869
58592491
59735710
68830906
32559273
47350530
6964742
40959647
77417079
74523511
45504603
69094791
99781096
22109195
48472801
70843943
89571679
25015964
84095085
31140775
9275917
93252870
9307736
33353343
47600037
6509844
6464839
62746837
31224653
22931944
78541378
80443380
27094779
37134780
36020643
10395153
2315463
76919181
54768612
34176120
81873421
6752016
30738377
8348098
7410612
8953549
99147725
39701168
62248418
54229473
88483915
26496671
81596303
92129273
61999833
82342944
57761319
85228445
55217530
15648956
58916180
85671890
38165788
20407044
5355865
61477579
82176859
84639834
59969794
75052072
54776232
53582310
65246117
13701431
39051892
85428284
64591884
18686345
97730470
77820405
37363710
74908498
51296699
78254760
23153084
16661311
94800315
38133805
36017051
96962250
97207262
55934076
46115915
1381376
76752001
2381208
6227538
79561685
63544199
14791800
41555887
59833331
79738267
97390799
32029543
26807605
84744543
1370011
85097416
7808736
50837649
51357975
67553666
91435655
52851304
62545694
24796037
91572073
81972257
97393977
88146060
66430153
19816493
24289746
93389335
47746815
24379091
4400538
18898437
15008185
75442393
11921184
22164682
56828405
40999351
50930537
70576713
3456253
97915314
67529099
49387693
44200278
9596126
36925618
43875853
76322197
59268374
76002395
80098087
14145826
88315175
2926332
85799415
74009525
60819448
53641810
9295236
47565649
47444001
85709265
91571523
64406347
55567744
93900029
49899419
4505430
37762551
58328835
19546796
86166053
80588076
18864377
20062592
29148906
34318313
53999597
98934154
33385787
32097389
89948761
36867377
57449254
67548816
19434260
5021582
49917821
42390822
73557628
72019658
67262499
60079327
4449114
27742700
97527574
47570937
55301404
85934339
3026072
20847856
42062793
54589627
14482927
87837276
49360148
23190429
14041935
35751429
87241035
95970082
90007697
81428537
58023879
96230715
91534912
57343168
50874549
14366441
51123430
36903224
95749136
17340423
15155554
74967906
64151554
98743831
74016627
7141867
11246434
27650790
56883081
96559025
15976262
43794033
45322385
36644739
40579635
70674744
761515
88318545
25745229
39201047
42818724
48395912
3603582
67324922
64875309
49945510
7332485
37213028
39067823
80111353
2337558
6516329
92925843
30022544
92781663
39738529
3267533
29108418
8695091
41376662
75411923
3596758
36489538
91218715
22706489
7958121
49343536
35810096
40229304
33983918
45101012
65418229
79722894
44605983
51352503
16872768
66702948
75177924
23046243
83691382
56006371
53381886
10000417
34026440
60588428
56692232
65541725
66492870
93836052
58012511
4042055
27920397
35923534
15031639
9554037
62850781
82720004
59095258
51060420
43480592
78348399
91795524
20500609
5812778
60663693
14548821
6277087
69534927
9239908
79971995
43206918
57174120
74192692
31551578
33736873
76992671
14999807
51402731
61091285
19451539
71126802
92312043
6833660
29865747
64048300
46637123
26442329
2295427
39615831
41157867
23599895
87627651
87284437
11128969
35621016
59624959
90099292
455572
5381339
24355682
4247985
17273426
24436997
48552251
65617013
76618000
91209871
77729943
3740838
59873260
49175127
76791308
87402179
69757471
16303989
83952399
86331637
23640958
59162240
38395364
47270142
80733049
39933659
60339983
31718588
87772533
1423940
96313893
40929525
20929316
27756913
19797242
78152404
45234872
45908254
96642578
85836970
97010098
89143125
77413892
97254748
21926520
89818397
54860402
55636675
54327018
99161275
59069704
20993907
61381539
72745996
37288261
91433660
2282883
97304520
54774117
24076424
16114993
63172874
47184250
46366587
87474955
14955921
53530617
2075721
5141300
73695218
99346354
60302878
60683186
98261234
6658587
41742976
93868614
76672573
27046584
80407073
19520019
2956673
33453107
61464427
18014268
94416910
4001861
87096650
2636473
13773442
5055156
16002419
31839778
85123677
98794907
36044384
3423343
65550322
24040758
11713814
38203508
19595509
53198329
91369945
37136603
91795476
11744009
58551553
12430222
76795021
69970423
89050550
97334111
5466211
31701052
68640403
65125685
46304875
53786219
72530826
71778162
10666794
94525778
33224458
10463394
14448007
40663843
17798321
33222359
58150412
37346465
93521114
79145839
69249098
99002099
23687535
39716796
76282577
19151973
64753716
18043130
836835
98918395
27447850
37056295
80301682
35746089
61022665
1810799
47539763
72650008
28633359
67778067
29657361
40121008
27194269
93543415
81480890
25858629
54079799
74772278
50371990
71162686
44441502
2650760
70728538
33371810
50393593
21323655
13683619
43833969
56861660
75376516
50269584
3195339
78572669
33790493
5021595
43663898
38780252
70665002
45305588
29687571
25033154
6451150
11985733
92157188
53358518
96799785
32263038
82761762
65550540
86848345
17870037
7835487
70650217
15547107
65366152
42288229
84263439
13855989
84886952
50185434
40723674
13034768
6336494
18418071
4753740
8342132
47995204
78856482
89578186
19306758
45464062
91120669
26168402
5717181
9568094
85756565
48440098
42396051
69207764
93946357
35002995
53605676
27436991
34067851
7274631
63526169
30519494
94704001
26090363
48065964
50510483
7439211
25524996
32972500
75938389
47603519
24092578
39160560
99534573
84514052
31971086
12154624
53174897
96122702
84094697
74121491
60220564
73733550
54929690
29059399
84319079
94136276
22807245
41394878
49463803
20894987
34877961
92897828
46618726
30879547
68292119
5590129
55775885
26485862
44615689
23468799
74810792
52295534
94128742
34667340
75958620
22995972
67241675
90562561
98695475
55883293
88708605
30616590
61773196
67066574
99688160
64710914
66058948
91675457
11003779
30300261
50804676
72127908
4538371
1959843
23332972
62150648
91777373
12264042
90634184
52584916
47315083
65350599
38533062
83114708
24344264
69497331
49480790
20969867
54520482
20879673
51064669
97696580
41177624
4026091
2463425
79337018
73180011
73019403
64855038
67917893
10068005
9062620
52202543
35227218
19742053
74764379
58614186
69945941
83890129
52708884
7419211
20811094
7803156
85328006
6707540
30491281
40013884
50335856
79072207
77798513
49866989
41914637
35720117
30453175
60468192
74786427
56798448
38907281
65094792
81266950
79320172
4801989
81157831
2437992
15573512
76215473
20510717
11543391
80927470
35588087
26192009
82251772
36851003
62236043
29335632
11234677
77168694
3931732
4660446
32937607
55232966
52456341
69044658
37774880
1618683
91471043
19196080
57492415
70908983
10193479
35408182
31801015
77841322
42709200
87223794
17378369
90352383
97869838
51442990
55317630
91627753
99521005
8167901
98682595
24728163
52347667
43335882
66928486
10992361
22127442
24269219
7344442
22680369
20217516
77292034
88292688
43717898
9190692
40096275
14887508
27635974
3082813
27448748
5429948
37102205
93399700
71504588
80406875
63055887
43283343
25547317
33596078
17244653
5780907
44471298
44418019
54167350
33702832
13492135
86382914
39815841
8382951
16745477
27310824
97087273
54565230
7616805
89231623
16450394
22797146
63007660
44816148
53585327
52056997
51317287
99170641
16661782
46372833
42622758
72535052
7592429
42901501
46034258
67682425
48957031
39665144
72711507
21413436
94651796
14874776
46174005
53771173
20978863
51758950
65366118
11678586
88436576
41683529
50568360
95366901
84384936
92645733
45912915
42748732
11763696
79318028
10692624
925243
93983899
72072795
39071437
3937990
74102866
2687321
44735020
18513465
28458098
45393451
10434523
29851082
42155520
18723333
14430373
69239066
1221942
1435917
60690372
54029260
27540058
80971980
35321965
10515418
32923578
6230396
43328654
71418369
2811335
54185971
28141248
28414542
53333798
4612990
53123957
5819199
44376407
92524261
21741613
13801247
96811100
14230197
39827807
69387126
37416189
32922409
14490063
68970714
76904679
50103310
88012719
46054671
10257526
7899781
62401477
31299427
17973488
23777528
95862034
56011396
52837008
13563005
52898329
68672217
24812328
33316885
30215909
98814278
61363517
6145147
15457190
7068825
85387540
51022169
3417426
77036149
86912927
56958951
99655665
34525693
12714764
84791046
82676491
76072617
29747944
30758048
88899576
49860070
79734898
45573303
21001378
8444571
14830157
92374508
68432299
31389427
36575350
62688819
11356222
56425080
64255253
11572172
42476837
68873889
36329560
13082918
34537623
21644839
70501413
41083746
62397268
1038387
62003681
20518888
98164963
16119812
9420422
40083612
88043883
37202710
78396308
6851941
87632026
60092687
3431260
65183846
81654607
86625360
64098401
94309936
73567271
4521310
44552763
28577244
68381598
777228
96686389
40467278
28459554
47755816
80665330
87583276
36999341
88359354
13446687
67853759
57999337
77538192
1609023
84942053
56314578
25616477
47134598
11183547
44058901
74860445
99411912
3818985
10372063
76555076
99814223
13901241
57303456
80228878
21066796
79045925
52126547
94361315
95446218
690031
94732310
9362981
90165955
45516121
67335640
67382008
43026140
50921661
69309462
10212040
64426842
69963831
47767438
78701161
73162249
54675820
99109043
55862737
33207092
10084698
21681120
5815210
52851915
53032116
64245929
35056771
15303921
10814508
29334755
72312243
51178412
813701
337564
84376547
562876
65407418
86542074
26277709
19664167
36483526
77190327
5647591
64624116
18213068
72168150
4542026
24856504
60908053
49872112
61625637
51625872
25948618
60386886
90142202
93124896
5675349
20426555
30281953
27104916
46798066
70202497
33267216
80441762
71672664
23499096
34680905
4786518
14413855
28065963
66001925
828628
22253465
32432786
28350105
15141665
80752940
92863613
95031528
29043283
18316392
10464467
41778472
64787163
57425840
65238435
42872549
84598131
48402759
33037148
22594675
5809598
35680899
23781143
79656603
4209392
42900447
57217428
20164815
23434233
12806917
44816096
6774071
17426376
3118052
23825503
86079836
13406220
35778559
62287784
42392283
52277593
31263387
19828439
4115952
60870100
26298143
74633298
81231137
87322979
91424803
4923702
4533165
35378338
92778424
66231479
41810991
33139516
79248182
62526593
32273862
39909729
66563979
76539186
57772807
35494690
66371159
66716973
86882791
31406773
44870856
28720071
77261798
21023140
59397178
45042658
98598493
89225763
67082226
95847487
93569813
13678908
94077472
59505848
18795276
63510488
67161271
90193909
5172764
28878060
569848
2949188
38657336
76166163
60031505
47582298
7383724
70012941
19967947
58614921
76157223
22648190
44926705
99460362
60234671
86385120
1067655
99415462
83454437
61779935
64156525
82835211
96765237
15784174
99269860
31671306
21286404
70048124
73174809
54932671
31577367
56655344
93393611
64713487
69207127
36340487
44200156
44524709
16458048
37246612
64649840
26702925
86666710
8802585
44728485
38712333
62032425
32255715
84600372
64652491
35122083
43270252
13310868
58575221
11424262
99633848
11715819
75831224
90375399
54073598
90759065
40761228
62512037
26921565
26470157
68334943
66367602
51437155
77636738
64211207
43884189
97032194
23528701
15277763
87428940
56853404
76789825
91685955
73484276
6333479
33344925
39621181
5939332
5110754
93837151
26295690
42376849
75902284
60151796
12096490
79208129
63204660
80988673
15767647
27882751
71969623
6024154
44076113
8759093
61693481
13100784
65005085
61372011
57983254
41527980
78550886
56909011
98110506
16203023
50994485
1827590
58945910
5173532
47036360
68428144
8608289
73278888
1752142
42099566
15274264
94062036
39080989
49849051
86059088
48571130
43685598
19667469
89603971
19053698
26873786
92999367
80236846
44328640
93717854
48236412
27400071
48003809
27609452
29392296
66525247
25599261
72905967
38836485
7899619
96072234
8216131
7147420
90139702
47429774
47254172
93919319
14158733
60023948
57300394
6358059
74575781
93779249
59447825
12016889
84820981
80920169
54047129
99285138
1058960
36007309
7963718
46071848
50714053
37911238
12399815
1328483
19015672
10027023
27432985
96482386
30782846
54163210
51434403
33802393
47405662
25355280
8148359
77874093
9050494
50012972
52666746
30849130
66501624
24437032
96933375
15916857
36250910
67660022
42901868
61224964
79322794
23050796
86468338
97489226
34919410
19418367
37955147
70451313
80450272
68723140
75881508
34094790
69220239
68641338
85647018
51094206
59484585
55831031
44846184
15760323
14409148
88047749
1148877
16483917
49445928
93044033
11568286
25497466
13861936
25017582
79708512
75961396
55903590
19963565
40742135
92718021
94232987
41982758
71795177
3047121
88292332
80793621
8371083
10708674
2615099
56497983
69763071
58286565
60024436
35594785
70617590
55807525
64118515
902018
27036279
45800053
80162797
41862297
74099554
54103499
26288043
82980961
26930974
88361690
53014036
18409682
87585623
8510956
3819595
57304579
88997934
6450864
36010757
5596087
55299399
50496013
85949935
42206826
6839374
6028864
94062886
67713447
19063337
16859967
27456389
76393347
24298738
45995610
20871793
75212850
9179015
61229494
31465860
31384295
26072909
41696118
60335475
24334009
10674484
62625393
47260229
26614191
8056500
51451536
8137429
81717188
1959246
39411311
83675056
22096253
77442126
91130442
13055510
55756060
35716545
17978316
49881822
79188835
64705927
66191474
21347737
48958315
31096877
87947686
38636192
66141398
41125849
14453867
58587874
92844346
21238147
57337244
57847443
99873330
68362697
83305381
52644326
5446893
26081238
91273612
57966028
82546797
75822889
69973406
42175742
952647
85978442
59250241
53498172
37226785
57942921
95250389
59305473
5545222
32107860
14686405
8873758
61947377
56313971
3030907
4849985
11292277
23016214
58057730
44280626
85819210
61922634
93249350
13831794
91630217
11108270
44378877
46513902
80616537
2350838
1874109
48528436
20515199
78055145
46605783
11544501
71529450
26083547
25494732
29003866
4134210
26593532
37018859
31850121
22525154
47200303
53587793
63418324
54113242
91824309
95160655
26717863
73640075
37987217
29101712
60580335
6879142
27482397
50138058
81396273
3200387
73915989
47718670
26387534
14472509
84977232
45158948
70665417
69546613
1951802
61509265
47905608
31571949
33940091
33833399
82762318
39046961
97505186
29346683
44391889
21741441
83966753
97576620
19993287
57758019
13606290
83795087
47227063
54769179
92029598
53053714
8485111
82637860
48455315
43734263
74328371
54354594
51018882
26005765
46783953
26594304
57140269
54707233
76740440
21392093
50968844
53251645
9302544
2705741
26852943
20106800
55405498
74738635
72430052
84165274
38605493
66802576
99929143
63092029
12166534
70141892
14707700
50108386
96804748
83258430
926733
15416422
31527570
15260001
22752500
97124380
62999932
77193430
49050587
94892945
87036271
18108134
79811648
821730
18470802
46115591
51507459
72555019
90457804
38202819
82006076
89245699
81411267
71611025
42601241
62532173
33225365
69517089
27325096
17872513
4345791
75878162
13444547
49307642
34570059
71306876
10079666
35826317
76626359
12618276
31395952
13454706
9578714
34755658
67374117
47126493
5516659
25984939
68562782
81448490
89015708
57479269
65479739
75906622
92565641
61922095
85681628
79309375
30524240
87560410
61515661
56431699
35023046
42751998
90871438
11182470
43954289
78322337
64711956
62797158
3356557
25603872
68899530
73680720
10329719
68715242
75678099
60921364
18635045
31662064
60877911
27794052
7505051
91558719
93238702
84079598
14800610
92746796
4800902
20148520
73106354
22034246
74472310
69468988
83727552
14452051
87832321
34138236
63715533
4850172
52073884
98484292
83994393
300463
90343121
10329569
4197505
13948561
64278469
24963433
29767361
66516422
83260268
18718703
39388358
60688621
42579840
15286840
117522
38659196
26479621
32190759
71518879
65021200
80223215
29577799
95171162
90101038
874150
39742960
50138696
37520078
59747201
30770507
94269150
67597140
39400878
60420161
37172925
37347092
47742907
18735541
25994637
36152074
20978430
99271761
28488656
53887543
1194736
58653328
97023875
60826563
95285076
59091093
37999456
4252648
35885864
13391489
30771975
4557820
32196503
43624187
92066396
14442423
23992701
84318194
42527720
51172081
32962682
26178124
89335761
74381688
19431386
10735256
42480466
95915876
4375792
90573206
29049179
67119354
20238664
51173636
63367450
47926603
48294628
12887065
44033289
78723572
26833359
33078635
74777044
30968695
85662278
82622221
62959901
30974317
52073406
88793326
53266970
92273498
64446897
53222483
6515562
80444091
5638359
57131965
94893404
35508161
58162740
31747604
60755761
39264246
50222267
75623394
99775880
37418581
93106873
287901
39937809
84139456
64642171
31585663
20583655
74947582
2568539
33559897
21942227
86861187
55256378
19119154
87766688
58440115
27333169
70480633
55850736
90651524
62907043
92538382
34237887
43365002
82057777
37017714
68165268
69793479
99202838
33616680
26057636
78585817
27403034
1507127
38503081
48507814
25158770
44327712
70579620
5398494
83961298
69868398
38162541
76314959
82773772
40337426
17327785
35642587
96602652
93520760
37980159
95451466
59063735
11064371
51707997
19249920
11903228
44927076
55329132
47839278
85231250
13311527
43065965
7777387
77419929
15398016
65252731
30286886
77918404
97049318
49129073
44102813
30825825
39454426
77045766
96418486
47289215
34885934
4508059
70315146
77989175
73370914
52428580
66642639
80996763
13443844
22241765
43896291
93930302
43431474
10480132
56193124
91165268
42334756
29885506
45306762
26316689
3369381
18410937
82452160
45228448
43828781
19877737
75229668
19068261
87733238
95996023
28362768
93730813
88005338
12239615
82679706
16403436
5411033
59098467
84241968
12732582
99393566
31501163
97695488
21928383
83981691
56376320
46890509
28856321
32366756
1649515
87711079
28330872
94758380
73463031
12032049
33922516
13806360
47233824
60987803
72559807
4822105
40668906
9300849
7056905
49194393
56207594
12700184
34939102
24346470
7574667
35289333
64832263
98416687
35168677
7741477
32266737
88621946
14466374
59710609
49216742
28921735
92788498
82625408
81888083
50543286
9892762
79737379
81333549
62076393
87975205
92465577
32377614
22951379
96385795
20170039
9436974
76172560
48230771
93890334
66696764
31017503
50648476
70004623
16842797
37060404
11858318
67401883
54375391
9178312
48803524
3778249
22788088
3025695
17500813
20983204
15608941
89218289
22640028
57797826
50931946
16426514
29231896
72445990
23561713
68529930
76872611
98782503
9064408
18300236
91666750
41245242
81143206
88974548
67577927
80816094
21834737
79092891
36178979
20170597
32473650
76301565
90728030
24616024
4091823
22901818
45876609
59021475
81761531
74254938
10931153
51059591
79996275
24667249
23269678
1678169
55336643
34744997
91419805
85451156
53681259
83782163
14853806
48783716
28899700
40670142
33392332
49215480
38852761
47255139
92537408
84040886
98715090
81479917
588406
54675452
52307257
86821225
35297854
86795207
65714210
44214616
41353584
59988862
30462891
83089793
11645836
17644336
75730350
11595275
91217070
6197168
74051283
51802822
28226031
30155992
33786052
78424030
31952699
51994525
67839633
35880223
97031757
79847192
4125110
66304825
31216997
21393526
61471352
97273987
87815242
13136514
19374451
82748669
44805652
8367713
52112622
41881534
9211165
76832832
50649417
44805302
11362690
42686198
79900358
33626080
28121816
90795887
46064673
44701628
65247021
50167817
26317216
34220648
28849538
66065499
3102637
36301964
12718886
63849932
68914588
30790049
40981797
68917783
44742435
82398830
63846793
7032845
29937325
72130003
94428891
16959107
36025054
44072973
75147490
90666451
23647692
95510674
61061716
9713671
96559736
72656177
20005509
51016134
75304001
94478960
6032097
11301396
82539641
96278976
86335288
73068315
9495297
93011383
54065239
14998802
42183917
96232684
77084569
71116366
48417074
74267964
93475088
83922961
99557219
12989444
46184960
57625870
52916068
98233614
25513875
11618852
4822549
73899271
52373501
41866826
91049049
49993518
83916363
86260075
47434719
86679793
93554930
32092657
5935837
32765026
63553248
42870735
30308833
76698697
75379405
84770566
66748224
91461785
55214926
97565676
2992827
41235500
24144940
87705857
97895309
55632933
62726780
95040315
77045493
9525673
63838197
24656157
844710
45211958
19941856
76365707
42126212
66533453
59001085
21203922
18879523
88506783
57923389
57366552
69878601
28901969
76942448
97308833
46537978
59349375
21547296
44510393
5851116
43778759
74601684
89411880
31302577
84121398
9234868
35402902
87869038
68080602
89455817
15547684
41094357
61790177
75716209
57758381
9564156
18097009
92076005
18272944
72935070
99193901
63741640
49435564
66235103
40110822
88323159
13001069
48825111
93694603
10735783
89332648
7390111
9411088
60139598
77356053
16750818
90979188
79055389
6061911
88598278
89114269
67354716
21047328
39307789
87493623
57274583
72348490
4292044
68824910
42215620
78742181
42344823
85221670
29578798
68466973
70916943
90567037
84861836
22659171
87974158
95582880
73712859
85873900
6930765
97890941
33652477
7799257
23765970
58962701
19052220
75471850
61001776
729810
87454
42498147
78673191
40867629
37063209
66291469
63409510
6882392
73948384
86830327
7969903
83728998
15502941
76123899
39382301
80633172
20331254
99702226
93849789
45198623
56510967
72855527
23911826
51696702
21112617
45129912
86600559
74534295
57848562
85083515
76173512
5399534
26757588
71447294
29084713
70381478
95610835
15554254
83928633
88430959
13007358
89920290
64136041
33322179
47681488
66194405
19546840
67129171
77360253
1415883
22150982
56316888
59020104
96895511
58654709
70062375
31324470
88493770
38166687
39660473
33676909
42964505
34084451
68621188
53417417
42036486
54515523
9241980
24573882
1016812
35442091
25352671
43148273
14189494
54411058
9325524
96949837
42128885
57685525
54996716
79974849
68555870
99110852
1840801
90848376
75513993
38996503
85007235
87988406
8198695
97730245
10999218
92001450
46160990
26563411
8923650
43838081
36486569
90278804
15972498
51316887
6847787
58236013
73937536
14067382
40985643
86285807
60679253
41474208
68013330
13539931
79580644
44558755
72836957
87449943
77095788
70082821
64205625
59650910
69108855
99796935
56750560
95554000
83761178
73786379
78245026
83303221
82919695
91057856
61993992
72554364
2077608
42647490
65545682
88587022
14962801
83896467
53419726
14444584
51600221
69648698
51991089
88016039
4054903
72487110
86956483
51555844
28535030
94605360
4736580
54295049
36210123
39811368
88459877
36740170
63303338
85742519
96685413
34636841
53722303
7032596
45921867
76722190
28641741
15218554
49356668
88094388
42670644
9414152
93909025
66059
39712331
73808738
17915836
86532173
15178705
21369578
10616580
21082362
85063129
23415647
82472435
69713317
97889624
81056536
28326089
41096088
14189830
50096269
95109176
96927695
81794693
58889999
45710633
1828560
37977503
63203072
65162430
43709820
75227650
49970287
9118525
85078471
23936526
33317564
57967950
18439798
15731889
43071844
63856866
82453690
37406361
30401020
35760933
51917409
23503639
62842929
61474727
24243523
34367437
27301851
9673574
79059468
83848744
56069761
82127458
45923931
7068253
7983711
3947521
59775428
78742700
52093566
42253659
83109566
34684044
26391169
37577413
47619538
21234110
59780054
62600898
15230345
23113002
19083007
74035350
77256318
7834694
63403
98590648
59240350
39443844
52851092
77225921
29119959
81330357
53266870
32047301
35843543
74143345
74507676
22667006
73025830
11353463
24661071
43316465
8560019
84435059
47259580
77928694
31814803
57974799
90316682
5010229
59394198
49086180
49579248
71038838
1968805
71026840
58796757
89052140
39649633
23821607
97435580
91824550
82022361
18920132
67628633
50899032
42283020
94545089
67493999
92059443
85501880
38041300
84586953
81094755
67925176
44427104
17591055
35830526
47053263
7149370
88469458
89376941
93431430
15117862
16141189
3939174
45556443
77435927
25934862
61343762
58709867
51824877
32465289
41116125
46112163
56875278
82347095
44064503
51217455
66530606
89947129
36971064
75743139
91367624
6500379
15292711
67422031
87305854
61770443
57535088
99795177
66703230
84855331
62538025
51632935
32645420
46972031
98235123
23503448
96795827
12340275
13648605
45117792
35985928
78953581
64261240
84295270
10047599
37075368
17829802
20842291
56736791
41283092
29009270
10025997
58886372
82136701
65409809
17120125
22458455
58345941
73883663
2739732
62380272
77912491
33599329
63883591
93494027
34757618
5861865
70484014
32997373
99200480
32888874
94957001
38811087
80333261
7962976
6735245
4823519
88137496
52701460
56935236
7733458
95133389
14541191
63519829
61610026
81319227
38701488
3279052
39250145
49890069
4683254
64503449
58755416
38311507
71933744
94185980
38945147
31612393
4283806
47815639
86209743
91883043
66868712
84870512
780797
3576614
81402869
6563886
53550575
14384556
81871813
79532309
48603811
58244945
21681127
90879399
64747081
76412408
35360955
98896100
29751720
11147722
53595013
34219593
26584535
70926463
75431941
37996634
26785453
12617738
65592674
73176722
97079698
44532818
8521132
41590306
8764541
5344104
25925999
98809320
17131938
70894458
25453562
52494104
73544216
79791759
66463180
86849144
98310938
52367459
62973839
10396914
46069944
79312868
46659485
63147272
63011652
45827181
21975842
45224346
26889369
59975453
38942574
31439537
71296369
26061131
29514586
50332251
61000558
85089630
99505860
89746209
17664354
9107479
39244814
76828333
81329856
142327
1017141
11221335
15344774
31472499
27410407
1421631
18924499
39932369
77535246
67483600
87340987
31268772
25952116
308385
92416485
65462242
37270333
80528014
86569067
92745956
69168369
86833698
58089681
83889276
74862405
8986944
38882473
81049508
20844187
90437620
25583802
60689102
46575449
18673422
85342129
51890876
55747575
5268120
9562100
5969920
40721006
71978714
55659816
95682357
78521661
67948405
77213516
5641936
80468906
59293065
34624317
37090376
59910136
13521665
43225692
8281399
9809956
2528255
16272356
63108540
22158123
45819529
26837642
13147428
16374089
60894586
53425763
90073744
98905900
4756939
99151054
71363522
14815763
33228925
79893065
25968752
75798069
64521709
12405204
40540275
31099572
13604249
31289090
28200115
60000378
30265593
35797788
11473063
93910628
30790538
65482721
13534322
14620868
53128998
6888448
32347067
62535373
25826526
9982004
97084525
46594154
78786113
54651333
97408541
42647929
43364669
9083292
79814869
45768076
46095908
8445484
22868337
55675671
27874428
77108069
64982299
90115530
62439270
81822499
94078179
44423045
13934178
90366877
94023707
96532990
71226429
3835090
11406552
50771611
47651141
92084679
76090658
33497949
13152264
28461198
80535770
84873765
97092403
91281148
46049726
25541261
28357258
49228507
76492727
47762876
57774549
66526343
30950907
20195032
46284233
98242618
94466683
78587860
56236838
60080736
22149064
37102478
28530511
61959089
68881590
10274238
89592577
23035965
4880735
68192943
4254349
28055631
49004455
48722484
99609449
18841652
54756159
81338832
14499065
81909771
95081638
98109373
57352104
88741493
64261732
27742141
10445837
24199168
11162530
55376234
38465471
18831208
84332980
28328196
46505620
95933907
3326809
11187088
90730036
51143326
57319223
85241962
88500269
43700319
57471517
9064493
32611032
42612361
61329223
91695886
66658815
13896018
67900412
92224848
47489025
39248402
22695287
799644
86900723
4939579
63983756
44589098
27003998
13365943
99951402
27911782
11534884
59423963
34325338
98642118
44041309
46236042
85207718
28729088
50970313
55775186
74110541
32888167
73321494
3178980
45830288
23492397
77920337
6456776
95782202
63824003
88520361
92553345
39462072
30605844
43231745
54118694
85012766
83060242
49470046
18124850
4376292
27017019
72625500
56919270
86098156
54907162
96102174
37417445
85842695
40921686
90717431
99257176
69432996
66148351
92927566
89227630
73862312
85092839
99790465
14282473
15775362
15115661
22418007
15012422
1063921
88657944
34071543
86888658
21397917
1454936
24297986
91691973
62667207
46680110
9270184
47377365
6166527
57124903
5862968
10253718
55677585
23237701
80720508
9204483
15831525
61402782
8659217
56581002
4639590
7737526
59696940
47969020
99444145
79630542
13782982
5123379
17255849
8809032
603250
68992829
73740141
97627895
45412371
46200975
45567246
73423603
2502919
46435317
1641972
59096847
24177031
66714761
50140035
62480951
40964055
79507071
77930453
93877809
33329861
54584198
72006043
27672596
12038988
27858937
62279422
23887227
65424405
59740831
55671918
87349154
92801219
46306677
10148176
3191686
72882048
12082772
68981725
97884484
