11924
13108
36756
46349
63403
66059
87341
87454
106796
107046
114358
114758
117522
117922
128434
142327
146623
173585
209527
222178
244960
249670
274311
274779
287901
289929
294188
297217
300463
306808
308385
313863
318269
320650
337564
361668
394660
395697
401484
420258
426459
445252
455572
470369
539897
540172
553992
562876
563678
565907
569848
585857
588406
603250
622184
643548
690031
690135
698210
721833
729810
730917
743553
746807
752990
760352
760525
761515
777228
780797
783563
791661
796325
799644
813701
818900
821730
828628
832441
836835
844710
874150
902018
914648
925243
926733
929632
930064
952647
1011618
1016812
1017141
1025176
1033980
1038387
1041812
1049453
1056798
1058960
1059821
1060589
1063921
1067655
1077626
1077791
1089510
1101897
1140237
1140691
1144985
1148877
1167165
1180287
1194736
1198025
1198673
1202125
1213842
1218961
1221942
1244214
1251147
1252353
1270545
1271977
1287331
1328483
1334588
1336371
1354524
1370011
1380995
1381376
1394507
1415883
1421631
1423940
1435917
1438990
1445804
1449694
1454936
1466475
1471283
1479220
1497219
1507127
1507652
1515869
1543963
1546660
1547963
1572201
1586068
1588505
1592784
1609023
1609294
1616430
1618683
1641972
1649515
1663739
1678169
1751405
1752142
1763349
1783865
1790745
1809937
1810799
1823390
1826436
1827590
1827601
1828560
1838925
1840801
1843850
1849505
1850467
1874109
1884466
1890516
1913826
1916737
1917040
1923270
1948634
1951802
1957707
1959246
1959843
1968805
1975932
2011417
2022765
2075721
2077608
2087227
2093487
2118577
2121544
2121876
2124620
2159001
2159057
2164955
2182450
2187220
2196252
2209009
2225076
2226623
2233909
2236041
2258869
2259024
2267999
2282883
2284138
2293139
2295427
2301877
2305146
2310880
2315463
2330449
2336793
2337558
2347660
2350838
2375128
2381208
2385466
2398822
2399132
2427289
2437992
2463425
2497544
2502919
2516657
2518629
2519565
2528255
2530623
2541214
2547922
2560408
2565488
2565579
2568539
2590178
2605237
2615099
2636473
2650760
2687321
2688934
2692652
2705741
2708489
2739732
2746987
2754505
2768542
2775756
2811335
2829941
2849457
2889766
2926332
2927821
2941521
2947183
2949188
2954512
2956673
2962177
2967784
2992827
3000843
3025695
3026072
3027448
3030907
3033013
3035861
3040389
3047121
3077460
3082813
3102637
3114989
3118052
3122699
3141137
3147836
3178980
3184062
3191686
3195339
3200387
3208165
3209309
3215104
3220833
3233071
3265731
3267533
3279052
3282190
3299624
3323897
3325767
3326320
3326627
3326809
3331715
3336302
3356557
3361548
3364873
3369381
3369550
3375942
3384650
3387335
3394467
3403703
3403779
3413577
3417426
3423343
3431260
3439990
3447356
3456253
3476027
3490345
3499717
3524051
3545964
3548837
3552265
3554243
3576614
3596758
3599940
3603582
3631949
3651566
3684820
3706575
3740838
3778249
3780372
3810714
3818985
3819595
3835090
3844239
3844590
3845010
3860991
3864749
3895283
3896448
3902381
3916479
3919127
3928755
3931732
3937990
3939174
3947521
3968343
3970311
3973815
3991879
4001861
4026091
4042055
4054903
4066592
4091823
4103654
4104973
4115952
4125110
4134210
4144945
4150960
4172963
4176170
4197505
4209392
4218131
4235897
4247985
4252648
4254349
4264876
4283806
4292044
4300011
4345791
4345971
4363194
4370224
4375792
4376292
4376625
4384585
4400538
4434881
4449114
4456925
4459779
4460508
4464062
4470884
4483567
4484170
4505430
4508059
4520914
4521215
4521310
4532189
4533165
4538371
4542026
4542128
4555135
4557820
4612990
4639590
4655235
4660446
4678882
4683254
4702717
4708641
4713351
4725258
4731665
4736580
4747387
4753740
4756939
4761407
4786518
4792067
4792434
4800902
4801989
4804999
4812225
4821179
4822105
4822549
4823519
4838541
4844507
4849985
4850172
4856749
4871284
4879403
4880735
4882186
4898026
4902014
4918837
4923702
4935482
4939579
4970392
4980250
5010229
5016817
5021582
5021595
5055156
5058291
5064024
5067828
5090063
5093102
5110754
5116148
5123379
5141300
5160232
5172764
5173532
5191454
5208732
5219855
5233243
5242617
5267132
5268120
5306536
5328651
5344104
5349211
5355865
5373234
5376203
5381339
5383700
5387992
5396494
5398494
5399534
5401924
5411033
5411911
5429948
5442085
5446893
5462332
5462661
5466211
5490583
5512436
5516659
5542835
5545222
5580032
5581578
5590129
5596087
5601564
5610707
5622813
5633906
5638359
5641936
5647591
5668280
5675349
5706010
5717181
5719022
5723195
5741890
5754244
5780907
5791979
5801681
5809598
5812778
5815210
5819199
5824451
5851116
5861865
5862968
5901386
5924749
5931184
5931893
5933518
5935837
5939332
5947543
5957133
5969920
6012916
6024154
6027658
6028864
6032097
6047810
6054955
6056379
6061911
6064605
6086124
6098263
6117071
6125666
6135318
6145147
6152755
6161709
6166527
6167582
6179936
6197168
6208205
6227538
6230396
6240701
6251425
6277087
6281363
6294804
6300851
6311478
6333479
6336494
6348634
6351418
6358059
6369683
6378645
6386415
6408857
6450864
6451150
6456776
6459652
6464839
6471056
6494564
6500379
6509844
6515562
6516329
6518692
6532043
6533396
6536853
6539157
6544565
6553347
6554361
6563886
6567608
6571202
6573483
6575736
6584884
6633135
6651719
6658587
6660035
6663575
6667683
6679966
6680199
6686225
6692152
6694313
6707540
6714106
6723203
6735245
6743510
6752016
6754801
6765816
6774071
6774170
6785299
6789032
6797068
6833660
6837810
6839374
6847787
6851451
6851941
6860202
6864617
6865306
6879142
6882392
6888448
6891600
6913539
6918081
6921637
6930765
6937888
6964742
6979702
7021371
7024212
7025499
7030921
7032596
7032845
7035124
7056905
7057268
7067618
7068253
7068825
7071323
7078260
7095987
7097285
7124959
7141867
7147420
7149370
7160645
7184215
7189835
7229639
7232193
7232840
7244980
7274631
7305680
7321653
7322814
7332485
7344442
7344763
7350995
7367771
7383724
7390111
7408266
7410612
7419211
7421940
7424759
7437193
7439211
7456790
7460830
7483837
7505051
7522139
7522208
7533125
7542103
7543467
7547019
7561391
7574667
7592429
7596086
7597499
7598774
7611069
7614986
7616805
7617484
7629287
7635749
7655535
7659746
7663154
7700592
7704615
7711620
7721764
7733458
7736665
7737526
7741477
7755714
7763934
7766284
7777387
7795299
7799257
7803156
7804463
7806687
7808736
7811560
7834694
7835487
7847165
7853205
7868128
7873162
7883316
7887879
7890941
7899619
7899781
7926908
7936930
7938527
7948368
7952829
7953227
7958121
7958564
7962976
7963718
7969903
7973318
7983711
7988907
7989874
8019253
8042082
8056500
8057630
8077091
8095101
8103133
8125789
8137429
8148359
8167901
8168276
8198695
8213712
8216131
8218484
8253512
8264767
8274473
8281399
8293164
8305745
8322214
8324155
8325123
8326446
8331403
8331526
8342132
8348098
8349837
8361529
8365183
8367713
8371057
8371083
8380608
8382951
8395587
8404204
8420500
8421170
8444571
8445484
8447369
8453605
8454650
8458549
8459914
8468431
8470995
8481122
8485111
8490107
8510956
8521132
8555056
8560019
8562440
8573198
8603586
8608289
8616442
8616735
8621707
8627728
8637651
8643999
8647687
8656959
8656968
8659217
8668948
8682155
8690318
8690485
8695091
8701045
8736004
8759093
8764541
8802585
8809032
8821955
8842463
8853547
8861845
8873758
8902300
8903954
8923650
8925974
8926184
8926440
8929071
8936091
8952547
8953549
8961608
8977190
8985144
8986944
9017675
9021182
9036442
9050494
9052781
9062620
9064408
9064493
9074152
9083292
9107479
9108598
9118525
9165668
9178312
9179015
9184619
9190692
9204483
9211165
9224293
9234868
9239908
9241980
9261539
9270184
9271994
9275917
9288466
9291717
9295236
9300849
9302544
9307736
9315340
9321896
9325524
9333994
9343339
9357310
9359023
9360555
9362981
9373485
9375739
9405913
9411088
9414152
9415921
9420422
9424995
9427496
9436974
9439606
9450188
9494942
9495297
9499505
9514856
9516009
9522550
9525673
9537900
9540838
9546582
9547392
9550396
9554037
9562100
9562879
9564156
9568094
9578714
9590441
9596126
9615940
9644569
9659066
9670166
9673574
9675207
9679497
9695034
9713668
9713671
9722536
9730305
9744573
9744720
9750221
9761759
9784906
9789770
9793407
9804688
9809956
9827096
9837928
9842109
9877662
9878799
9892762
9893953
9915800
9921417
9930020
9940847
9947320
9951773
9952681
9977649
9982004
10000417
10003812
10005695
10025997
10027023
10031427
10047599
10052625
10054132
10054786
10066311
10068005
10079666
10084698
10127128
10132458
10148176
10164956
10187249
10193479
10203995
10212040
10212968
10227875
10253718
10257526
10267602
10267883
10274238
10285160
10300238
10302367
10315036
10329569
10329719
10346757
10362678
10372063
10372943
10395153
10396914
10403818
10434523
10445837
10460828
10461462
10463263
10463394
10464467
10475981
10480132
10493358
10499492
10515418
10524791
10544440
10553327
10565242
10571034
10598881
10607032
10616580
10623829
10636040
10638387
10650078
10650230
10666794
10674484
10687223
10691889
10692624
10700224
10708674
10735256
10735783
10786048
10801159
10814508
10814604
10837782
10838067
10846263
10852431
10855053
10857917
10864245
10865938
10874279
10886168
10892345
10903205
10910148
10931153
10933151
10953573
10957541
10968655
10992361
10999218
11003779
11021869
11027077
11043736
11060253
11064371
11069665
11074861
11091648
11107903
11108270
11111651
11112319
11120589
11128969
11137239
11139913
11147722
11162530
11182470
11183547
11184135
11187088
11204484
11208647
11221335
11221871
11234677
11238827
11246434
11254182
11273096
11292277
11301396
11314380
11322365
11341977
11352306
11353463
11356222
11360783
11361260
11362690
11398246
11406552
11424262
11446719
11453895
11459929
11466226
11473063
11481937
11522408
11527570
11534884
11535282
11543391
11544501
11546545
11563587
11568286
11572172
11595275
11618852
11645640
11645836
11646534
11647733
11655267
11676138
11678586
11696281
11706620
11712038
11713814
11715819
11723196
11739557
11744009
11753938
11763696
11780246
11790392
11795082
11825680
11848125
11858318
11903228
11921184
11926872
11929636
11930871
11934524
11949667
11951671
11985733
11990121
12014457
12015031
12016889
12027953
12029182
12032049
12038988
12061431
12070664
12082772
12086021
12096490
12108338
12109189
12119709
12152030
12154624
12156195
12166534
12170911
12194623
12203460
12219046
12239615
12264042
12265393
12278985
12280030
12315795
12318199
12330497
12339766
12340275
12347836
12351757
12362013
12384308
12389402
12394966
12399815
12404160
12405204
12411473
12428020
12430222
12443286
12447175
12447234
12457669
12457834
12477784
12478466
12482891
12494092
12524540
12532085
12538422
12564850
12610062
12617738
12618276
12690882
12700184
12702725
12714764
12718886
12723164
12724467
12725384
12731152
12732582
12758265
12792856
12795913
12802380
12806917
12823492
12834439
12855218
12864718
12864913
12887065
12889088
12889870
12890983
12898640
12912440
12931035
12953749
12989444
12999400
13001069
13007358
13007423
13032840
13034768
13039722
13049516
13055510
13064845
13082918
13099772
13100784
13104737
13117108
13118874
13136514
13137605
13147428
13152264
13177856
13178794
13210389
13212558
13229771
13235007
13259832
13271608
13273655
13284119
13310868
13311527
13324327
13333472
13350777
13361181
13365943
13391489
13402326
13406220
13411596
13415261
13430396
13443844
13444547
13446687
13450024
13454706
13467213
13467684
13492135
13504871
13508530
13510243
13521665
13534322
13539931
13563005
13563287
13571761
13579029
13579344
13604249
13606290
13618257
13639698
13641110
13644865
13648605
13664006
13671565
13678908
13683619
13701431
13736732
13738542
13739667
13762023
13769876
13773442
13774499
13781993
13782661
13782982
13792215
13794182
13794651
13795298
13797256
13801247
13802545
13806360
13807057
13831794
13832171
13855989
13861936
13862035
13890295
13894417
13894914
13896018
13901241
13901887
13902876
13922937
13923926
13926643
13934178
13934615
13939424
13948561
13984198
14041935
14047679
14052971
14067382
14083986
14084888
14102225
14119034
14145826
14158733
14182380
14189494
14189830
14198690
14213065
14214489
14217171
14230197
14250368
14257089
14261300
14280659
14282473
14294836
14294929
14307566
14347744
14348169
14348633
14366441
14372479
14373101
14374594
14377483
14384556
14392696
14400619
14400887
14404977
14409148
14412172
14413394
14413596
14413855
14417574
14429223
14430373
14442423
14444584
14448007
14452051
14453867
14454403
14457232
14459573
14466374
14472509
14482927
14490063
14494825
14495572
14499065
14501314
14518071
14525574
14541191
14548821
14569419
14620868
14622611
14625386
14683646
14686405
14701888
14705620
14707700
14711465
14713398
14731984
14779058
14789175
14791800
14800393
14800610
14805218
14809372
14815130
14815763
14815772
14830157
14845498
14853806
14863960
14871562
14874776
14876492
14887508
14901460
14907444
14920510
14929618
14932207
14944961
14948566
14950359
14954663
14955921
14962801
14970272
14970649
14985993
14998802
14999807
15008185
15012422
15024776
15031639
15049684
15063147
15063314
15083994
15090349
15090807
15096688
15098730
15105165
15110529
15115661
15117862
15141665
15150095
15155554
15178705
15212428
15218554
15230345
15233456
15248455
15260001
15274264
15277763
15284826
15286840
15292711
15295479
15303921
15344774
15353842
15374354
15392459
15398016
15412488
15416422
15416943
15441756
15445616
15446747
15447581
15448141
15450277
15457190
15466640
15483727
15493470
15502941
15508047
15545883
15547107
15547684
15554254
15560352
15573512
15579915
15604085
15605924
15608941
15621911
15630706
15633868
15636063
15636251
15646320
15648956
15652176
15652440
15663150
15673778
15731889
15755503
15760323
15763701
15767131
15767647
15768277
15769334
15775362
15784174
15787012
15813084
15817598
15831525
15860363
15884453
15895779
15900610
15916857
15954856
15970835
15972498
15972954
15973224
15976262
15994427
16002419
16012333
16015869
16052242
16065438
16087959
16105594
16114993
16119812
16130815
16141189
16156460
16165646
16168228
16171116
16178811
16180274
16181690
16203023
16203762
16204551
16216897
16224060
16249034
16272356
16290773
16294504
16303989
16314653
16349274
16374089
16382135
16403436
16404989
16409466
16414942
16418522
16420242
16426514
16436452
16449845
16450394
16455716
16458048
16463204
16483917
16485427
16497534
16501247
16503393
16540110
16554789
16564437
16583207
16588107
16590709
16604731
16611656
16616448
16617474
16628890
16640848
16661311
16661782
16675621
16692442
16718682
16740055
16745477
16750818
16769787
16790414
16799841
16833817
16842797
16843180
16843429
16846137
16854726
16855811
16859967
16870730
16872768
16884310
16906582
16910642
16959107
17001599
17021736
17022403
17024871
17025418
17043562
17047033
17089777
17094244
17101098
17102485
17103189
17108521
17108917
17110050
17111677
17119751
17120125
17127787
17131938
17156910
17188176
17192743
17198371
17221624
17244653
17255849
17273426
17279006
17281270
17285183
17286146
17288205
17327785
17327997
17328609
17329529
17333735
17340423
17359631
17360405
17368316
17368714
17375477
17376273
17376498
17378369
17381564
17396825
17403834
17407069
17408040
17426376
17439972
17441425
17443391
17445210
17452018
17466217
17500813
17507186
17508139
17519726
17539925
17541473
17543044
17567959
17571610
17576817
17582698
17591055
17601741
17626418
17644336
17663186
17664354
17682721
17713867
17751962
17775875
17782007
17796172
17798321
17810150
17817748
17829802
17843750
17870037
17872513
17874899
17888418
17915836
17921325
17923709
17939081
17947658
17951562
17965521
17973488
17978316
17989231
17997096
18006572
18014268
18017192
18020549
18021187
18032058
18037209
18043130
18047363
18049252
18049537
18065326
18077743
18084845
18085125
18095580
18097009
18108134
18124850
18134225
18156474
18158617
18183398
18199603
18213068
18271316
18272944
18287805
18288330
18296709
18300092
18300236
18313517
18315142
18316392
18323121
18334548
18342826
18349805
18371895
18395684
18397565
18406905
18409682
18410937
18418071
18426180
18432534
18436581
18439798
18466037
18470802
18477138
18501214
18502660
18505275
18508366
18513465
18540784
18542502
18565628
18578547
18580532
18619143
18626022
18633622
18635045
18671056
18673422
18686345
18699663
18706187
18710408
18711436
18718703
18723333
18735541
18769146
18772430
18785770
18787183
18795276
18804719
18819022
18819275
18820670
18822782
18829733
18831208
18831992
18841652
18851956
18858550
18864377
18877748
18879523
18889169
18898437
18911228
18920132
18921342
18924499
18944799
18946131
18959772
18979485
18981329
18991512
18993812
19011772
19015672
19043255
19052220
19053698
19063194
19063337
19068261
19083007
19083216
19085990
19093579
19103711
19105333
19109506
19111781
19119154
19141834
19151973
19190818
19196080
19226683
19231398
19233308
19241086
19249920
19254400
19274074
19283098
19285572
19306758
19312999
19332925
19341447
19361207
19374451
19386447
19401598
19418367
19431386
19434260
19451539
19455983
19470553
19501244
19516129
19520019
19521194
19522643
19546796
19546840
19579404
19595509
19617431
19625534
19664167
19667469
19672605
19677447
19682787
19684864
19704454
19711346
19742053
19762775
19763540
19790103
19797242
19801364
19816493
19828439
19840077
19842870
19853901
19866879
19877737
19917647
19917836
19941856
19962362
19963565
19967947
19973603
19983661
19989627
19993287
19994748
20002111
20005509
20062592
20063360
20083032
20089519
20090982
20106800
20109685
20113209
20134780
20140545
20148520
20153426
20156344
20164815
20170039
20170597
20194756
20195032
20197661
20209186
20217516
20227650
20235943
20238664
20247417
20253086
20267051
20282876
20294694
20300382
20331254
20347679
20369205
20372039
20407044
20409617
20426555
20429536
20432536
20438796
20445817
20462875
20465739
20473382
20491096
20492435
20495970
20500609
20507426
20510717
20515199
20518888
20540278
20545536
20548403
20563848
20564166
20566883
20581811
20583655
20597585
20612280
20613912
20635877
20662482
20673949
20683900
20698424
20700813
20707754
20727914
20736133
20742400
20759501
20787420
20811094
20826404
20829843
20833323
20833623
20840166
20840390
20842291
20844187
20847856
20863013
20871793
20874228
20879673
20882918
20886146
20894987
20902066
20906080
20909088
20929316
20938460
20941549
20969867
20978430
20978863
20983204
20993907
21001378
21009910
21020367
21023140
21046858
21047328
21048490
21060731
21061400
21061952
21066796
21070867
21082362
21087921
21110793
21112617
21138484
21150236
21180362
21183138
21197489
21197630
21203922
21223022
21223571
21227116
21234110
21238147
21266306
21274372
21285891
21286404
21300247
21303289
21319113
21323655
21344220
21347737
21347980
21349509
21369578
21370292
21392093
21393526
21397917
21407567
21407576
21413436
21416760
21435759
21485978
21487228
21488743
21497401
21510285
21525882
21547296
21547821
21549163
21555649
21563572
21600382
21604981
21613572
21614813
21624400
21626178
21644839
21651800
21653111
21661467
21670212
21670319
21681120
21681127
21683187
21699873
21707440
21739750
21741441
21741613
21744719
21772798
21779135
21785060
21793697
21802414
21809831
21809972
21827912
21834737
21845849
21865675
21883553
21885384
21901268
21926520
21928383
21929419
21942227
21950365
21952264
21975842
22034246
22043215
22074848
22081585
22096253
22109195
22111697
22116294
22127442
22128191
22130119
22138571
22148229
22149064
22150982
22158123
22164682
22183236
22183935
22203801
22210812
22214357
22241765
22253465
22256373
22269583
22270146
22270367
22274787
22288121
22300894
22302412
22311297
22317970
22342298
22387357
22407188
22410178
22412705
22418007
22419906
22432503
22432813
22436696
22454841
22458455
22494305
22506162
22525154
22540515
22542438
22577670
22581759
22581964
22594675
22608963
22609034
22613462
22640028
22646099
22646577
22648190
22657001
22659171
22661396
22664504
22667006
22669461
22670435
22676241
22680369
22687185
22691421
22692704
22695287
22706489
22714524
22722620
22730020
22735219
22737972
22752500
22778367
22788088
22794742
22797146
22797969
22798344
22807245
22836335
22837216
22857224
22862009
22864384
22864777
22865122
22868337
22871605
22875093
22875495
22876017
22889352
22896716
22901818
22930549
22931944
22944535
22951379
22995972
23006070
23016214
23027582
23035965
23046243
23050796
23071086
23075305
23105864
23113002
23135170
23149680
23153084
23176523
23183035
23186282
23190429
23195792
23210545
23211296
23224377
23237701
23239181
23239908
23243281
23269678
23277479
23288124
23297611
23316069
23332972
23338737
23341137
23353723
23357504
23358894
23385293
23397656
23410228
23415647
23434233
23438285
23445268
23453867
23458008
23468799
23485603
23490333
23490804
23492397
23496598
23499096
23503448
23503639
23512741
23517255
23528701
23536503
23547704
23555285
23561713
23572942
23581074
23590806
23597276
23597392
23599895
23607080
23607499
23610022
23621965
23627026
23627854
23640958
23647692
23649600
23659511
23659871
23660475
23670821
23687535
23690540
23707933
23716687
23731092
23734188
23737135
23763341
23765970
23777528
23781143
23788253
23794936
23796021
23801778
23821607
23825503
23826575
23836511
23858050
23859549
23874125
23883024
23887227
23899076
23907575
23911826
23918837
23936526
23951285
23955460
23978209
23984455
23985376
23992701
24017704
24040758
24044404
24047432
24065977
24076424
24077929
24091702
24092578
24106109
24107572
24109761
24134515
24139932
24144940
24170601
24177031
24194351
24199168
24208535
24222836
24225962
24243020
24243523
24254273
24269219
24275832
24281736
24289746
24297986
24298738
24307479
24308082
24332036
24334009
24343530
24344264
24346470
24352969
24354118
24355682
24372180
24379091
24379112
24386691
24395110
24402261
24407158
24414265
24429057
24435354
24436363
24436997
24437032
24446904
24464983
24469198
24473093
24475373
24480328
24490772
24494567
24500019
24500710
24506826
24506966
24511338
24516818
24523710
24529262
24565348
24573882
24584357
24585533
24590858
24595949
24616024
24631544
24634200
24656157
24657788
24661071
24667249
24667453
24669079
24728163
24753168
24781393
24796037
24803804
24812328
24824183
24835647
24841710
24849328
24854585
24856504
24858576
24867477
24874609
24882329
24883561
24891751
24907563
24934581
24934723
24942470
24943087
24952398
24958899
24959914
24962315
24963433
24984365
24991812
25001476
25009414
25012827
25015269
25015964
25017582
25032977
25033154
25040823
25097191
25135605
25158770
25175491
25187623
25230050
25247112
25299563
25309431
25318969
25346548
25352246
25352671
25355280
25357331
25373725
25441001
25441045
25446136
25447779
25449006
25453562
25459672
25463009
25478626
25485405
25494732
25497103
25497466
25513875
25517525
25519680
25521529
25524996
25541261
25542521
25545178
25547317
25556765
25558010
25563225
25574439
25581982
25583557
25583802
25599261
25601413
25603872
25604353
25609363
25609593
25616477
25628386
25632517
25634098
25646813
25647501
25678504
25680417
25692062
25745229
25758846
25759462
25760259
25774977
25787810
25795438
25812348
25813637
25816236
25821290
25826189
25826526
25832377
25851632
25858629
25864695
25880881
25918120
25925999
25934862
25948618
25952116
25968752
25982017
25984939
25994637
26005765
26009188
26018914
26025515
26028948
26028955
26056462
26057636
26061131
26067178
26072909
26080017
26081238
26083547
26090363
26102824
26105649
26117498
26119034
26143375
26157729
26168402
26178124
26188176
26192009
26194453
26213447
26221587
26224733
26225377
26238760
26244024
26248576
26255758
26259184
26277709
26280103
26288043
26294213
26295690
26297319
26298143
26303248
26316689
26317216
26318763
26329480
26329962
26332255
26332876
26358645
26368986
26372009
26379578
26387534
26391169
26421973
26424299
26424633
26440149
26442329
26446663
26450822
26452030
26461758
26470157
26477943
26479621
26483730
26485862
26491438
26491925
26496671
26512566
26563411
26584535
26593532
26594304
26614191
26629123
26642411
26663711
26682122
26697749
26702284
26702925
26712733
26717049
26717746
26717863
26723699
26728122
26749636
26757588
26767367
26779100
26785115
26785453
26801760
26807605
26814031
26833359
26837642
26852943
26856869
26866956
26873786
26889369
26896656
26921565
26927485
26930974
26954266
26957351
26979053
26984784
26984848
26985770
26987219
26991213
27003998
27017019
27036279
27038635
27039791
27046584
27062093
27090702
27094779
27095513
27102819
27104916
27124092
27139069
27170168
27178397
27181189
27185419
27185548
27194269
27207261
27230177
27247512
27248588
27256949
27258673
27262952
27272989
27299112
27301851
27303941
27306442
27310824
27315721
27315832
27325096
27333169
27342750
27344577
27347974
27349052
27352976
27368227
27368696
27369442
27378179
27400071
27403034
27410407
27411942
27412281
27418229
27418908
27429993
27432985
27436602
27436991
27447850
27448748
27454565
27456389
27482397
27488560
27497807
27502726
27505661
27517495
27531304
27532033
27537800
27539241
27540058
27543722
27574689
27576186
27577488
27589136
27592655
27598748
27602634
27609452
27616821
27619798
27635974
27641223
27650790
27657430
27672596
27675094
27686355
27692999
27697666
27725583
27742141
27742700
27747793
27756205
27756913
27776376
27781745
27794052
27815422
27818364
27820227
27823549
27828955
27844121
27846075
27858937
27864981
27874428
27875893
27882751
27894362
27897728
27901874
27911782
27920397
27922640
27922726
27940133
27959497
27959753
27960206
27970982
28002402
28004189
28005785
28023190
28051232
28055631
28061549
28061823
28065963
28067126
28098756
28103834
28108736
28109965
28112233
28121816
28141248
28144175
28162443
28168169
28189684
28200115
28226031
28234501
28238019
28251368
28257613
28275410
28288651
28314794
28326089
28328196
28329465
28330872
28340092
28350105
28351331
28357258
28360937
28362768
28363028
28368276
28370677
28374918
28402423
28414542
28428941
28445491
28458098
28459554
28460517
28461198
28462999
28480207
28480413
28481543
28488656
28498495
28498711
28500716
28528517
28530511
28535030
28550469
28563244
28569086
28574721
28577244
28588850
28607477
28611415
28612535
28628109
28633359
28635815
28641741
28664240
28664755
28671716
28702379
28711116
28720071
28720877
28724089
28726428
28726857
28729088
28734451
28742200
28742388
28742727
28759904
28760599
28760790
28769590
28772809
28813676
28818966
28822968
28830455
28835794
28849538
28851183
28851262
28856321
28867589
28875740
28878060
28891318
28899700
28900673
28901969
28910029
28921735
28935154
28951085
28961032
28964827
28969822
28985404
29002165
29003866
29005260
29009270
29032872
29043283
29049179
29051956
29059399
29084713
29092627
29101712
29106489
29108157
29108418
29116212
29119959
29137630
29145903
29146050
29148906
29152680
29156147
29160178
29191309
29216435
29219716
29227567
29231896
29240280
29240819
29250225
29250933
29261396
29285272
29311434
29329668
29334755
29335632
29346683
29357259
29372583
29392296
29392524
29435696
29435893
29438559
29439074
29465230
29509983
29514586
29521405
29530102
29538356
29573322
29577799
29578798
29584738
29607678
29621254
29631066
29650805
29657361
29657633
29661564
29675007
29675204
29681576
29687571
29689123
29705252
29719920
29737728
29747944
29751720
29767361
29814103
29821215
29851082
29865682
29865747
29871864
29885506
29898720
29905695
29907881
29925047
29937325
29938112
29945235
29952791
29953977
29981409
29982835
30001199
30002067
30004969
30009158
30010568
30022544
30037016
30066871
30074640
30106877
30114766
30124610
30129074
30146037
30155992
30159831
30165567
30212438
30215909
30235038
30235499
30240371
30265593
30277497
30281953
30286886
30291138
30300261
30308833
30311427
30338544
30358684
30359214
30379947
30393306
30396073
30397744
30401020
30411021
30416770
30418082
30419308
30432527
30453175
30462891
30463853
30465191
30471177
30491281
30502119
30516122
30518708
30519494
30524240
30527384
30531305
30540153
30562754
30563073
30573603
30582044
30588531
30605844
30616590
30623147
30625158
30638362
30653748
30668266
30675304
30679356
30707318
30736917
30738377
30743438
30758048
30764857
30770507
30771975
30782846
30783606
30790049
30790538
30790692
30804394
30809445
30822403
30825825
30839296
30849130
30856895
30858870
30863343
30879547
30904867
30913411
30916705
30927614
30950907
30968695
30974317
30993947
30998768
31004550
31017503
31035721
31036225
31051756
31096877
31099572
31112852
31116930
31118637
31120637
31133658
31138922
31140775
31161612
31216997
31224653
31237180
31263387
31268772
31279767
31289090
31292488
31296312
31299427
31302577
31321980
31322478
31324470
31384295
31389427
31395812
31395952
31405409
31405994
31406773
31424980
31439537
31447895
31449553
31465860
31468026
31472499
31473648
31480976
31484546
31494177
31501163
31527570
31538364
31546152
31551578
31566213
31571949
31577367
31581664
31585663
31591126
31607667
31612393
31629076
31662064
31669358
31671306
31671535
31687253
31701052
31718588
31725018
31736934
31747604
31756498
31770311
31782611
31801015
31814803
31822820
31823035
31831689
31836837
31839778
31841304
31844720
31850121
31900046
31924397
31940786
31952699
31965801
31966459
31971086
31973030
32029543
32033904
32042800
32046603
32047301
32063090
32084317
32092657
32097389
32107860
32111897
32115416
32124698
32138365
32141765
32145494
32172977
32183489
32190759
32196503
32237402
32238984
32239406
32240667
32255715
32263038
32266737
32273862
32284630
32306970
32313701
32316762
32322538
32343440
32347067
32353241
32366756
32377614
32379513
32409293
32428175
32432786
32458343
32465289
32471349
32473650
32484006
32489778
32490556
32496364
32505285
32508517
32522083
32533799
32552455
32559273
32592170
32593710
32602970
32611032
32645420
32686743
32721925
32730559
32734708
32765026
32767065
32777591
32826591
32834110
32847137
32869160
32884930
32888063
32888167
32888874
32904416
32922409
32923578
32924348
32925736
32937607
32962682
32972500
32997373
33006069
33009503
33012613
33019446
33037148
33053584
33058751
33064066
33064855
33066733
33077448
33078635
33129326
33139516
33146829
33160662
33163586
33173024
33173851
33202095
33202378
33206782
33207092
33220139
33222359
33224458
33225095
33225365
33228925
33260393
33260693
33267216
33274917
33300436
33311541
33316885
33317564
33322179
33325932
33329861
33341917
33344925
33353343
33371810
33385787
33392332
33427725
33437163
33453107
33475293
33480547
33484596
33486092
33493929
33497949
33506406
33514494
33535980
33538897
33547560
33547703
33547750
33559897
33594365
33596078
33599329
33605651
33613538
33616680
33626080
33630626
33652477
33670937
33676909
33679024
33702832
33715777
33736873
33745087
33754761
33768115
33769747
33776202
33776266
33786052
33788661
33790493
33798999
33802393
33826810
33830787
33833399
33835477
33837028
33842571
33849658
33897010
33904972
33919960
33920920
33922516
33940091
33983918
34005898
34026268
34026440
34035905
34060028
34067851
34071543
34081067
34081077
34084451
34092561
34094790
34099096
34138236
34159163
34164590
34167629
34176120
34178935
34210989
34218290
34219593
34220648
34237887
34239490
34243518
34262335
34270490
34276279
34282291
34305672
34318313
34325338
34367437
34389967
34438466
34444083
34444820
34453215
34455271
34462637
34488109
34500425
34505980
34525693
34532450
34536218
34537623
34541387
34559057
34561799
34570059
34604280
34624317
34629734
34636841
34655599
34667340
34680905
34684044
34713685
34717780
34719061
34719607
34737731
34743995
34744997
34749487
34755658
34757618
34790139
34791960
34802252
34802929
34818164
34828831
34834352
34874062
34877961
34885934
34894253
34895212
34902697
34911771
34918727
34919410
34921507
34939102
34966700
34968690
34997716
35002995
35013091
35015562
35023046
35047444
35048988
35056771
35059248
35060300
35080848
35114707
35122083
35134997
35146026
35146040
35157100
35168677
35190319
35193042
35204909
35227218
35282760
35284179
35289333
35292088
35292144
35296661
35297854
35301071
35315043
35315908
35321965
35332292
35360955
35378338
35402902
35404310
35405471
35408182
35439082
35442091
35492031
35494690
35508161
35511254
35535855
35561670
35588087
35594785
35602302
35621016
35623803
35636012
35642587
35644176
35650901
35659797
35680840
35680899
35716545
35720117
35737574
35746089
35751429
35758703
35760933
35761345
35762082
35778559
35791095
35797788
35804251
35806175
35810096
35826317
35828399
35830526
35838875
35843543
35880172
35880223
35882137
35885864
35890673
35899085
35909821
35913106
35923534
35941328
35985928
35995784
36007309
36010757
36017051
36020643
36020663
36025054
36025743
36033859
36044384
36088043
36099993
36126380
36147340
36152074
36169766
36178979
36193948
36210123
36214512
36250910
36259150
36274917
36291734
36301964
36329560
36340487
36368275
36378905
36422435
36422947
36424332
36428311
36450440
36476677
36483526
36484182
36486569
36488919
36489538
36506632
36509493
36524887
36527081
36575350
36575676
36587942
36604069
36604405
36644204
36644739
36645498
36646747
36656799
36672590
36678555
36717943
36740170
36740794
36756958
36770842
36787524
36795929
36806946
36817504
36831555
36831968
36851003
36867377
36886149
36891315
36897634
36898319
36903224
36925618
36925712
36960546
36971064
36979543
36983046
36999341
37017714
37018859
37019765
37021775
37024911
37051314
37056295
37056373
37060404
37063209
37069454
37074240
37075368
37090376
37102205
37102478
37109779
37134780
37136603
37154985
37155342
37162938
37167434
37172925
37179183
37182269
37195660
37196543
37200732
37202710
37213028
37226785
37233974
37239724
37246612
37270333
37288261
37310657
37311100
37315054
37325929
37326981
37327852
37341876
37346465
37347092
37348802
37351155
37363710
37364574
37381724
37406361
37411207
37414677
37416189
37417445
37418581
37445614
37447842
37476805
37487591
37498524
37504083
37515021
37520078
37553070
37577413
37582939
37603577
37603819
37610612
37620078
37648188
37664632
37678373
37680184
37681820
37688458
37704837
37707522
37723972
37726389
37731060
37762551
37767778
37774880
37786090
37787073
37805922
37833422
37838541
37857294
37878478
37890855
37893495
37907742
37911238
37940248
37955147
37963530
37972330
37976007
37977503
37980159
37987217
37987733
37991028
37991500
37996634
37998053
37999456
38013484
38014002
38016884
38041300
38066578
38067430
38070740
38099474
38111909
38127059
38133805
38140998
38149099
38162541
38164170
38165788
38166687
38183876
38191309
38196726
38201548
38202819
38203508
38203817
38211552
38215468
38262726
38267388
38310591
38311507
38312286
38320391
38359489
38363989
38379064
38381281
38395364
38402341
38422342
38426370
38429389
38459353
38465471
38499233
38503081
38508319
38514266
38519764
38522971
38533062
38544484
38557106
38597325
38605493
38609077
38610867
38612103
38616495
38626722
38636192
38646917
38657336
38659196
38669363
38684077
38701488
38702020
38707492
38712333
38727793
38733087
38740625
38756885
38764540
38770871
38780252
38781725
38786172
38808995
38811087
38818816
38822990
38835172
38836485
38852761
38863057
38875945
38882473
38898389
38905827
38907281
38920828
38927911
38929021
38931551
38933164
38935499
38942574
38945147
38996503
38998018
39000999
39027068
39046961
39047695
39051892
39055714
39067823
39071437
39073482
39080989
39104635
39111387
39117468
39140363
39143736
39150633
39160560
39172213
39188032
39201047
39202306
39207454
39220315
39229721
39244814
39247972
39248402
39250145
39259615
39264246
39277133
39277239
39289469
39306517
39307789
39308411
39308775
39312663
39315008
39335462
39345019
39382301
39388358
39390461
39391425
39400878
39411311
39430445
39437196
39443844
39454426
39455750
39462072
39468665
39492942
39514248
39517652
39520647
39525629
39532127
39556455
39562893
39563536
39568073
39574459
39593010
39603018
39606126
39615831
39621181
39630162
39641565
39649633
39649729
39660473
39665144
39673070
39701168
39701316
39712331
39716796
39720071
39722872
39738529
39742960
39746939
39747095
39747267
39753082
39753750
39773732
39789495
39798134
39811368
39815841
39827807
39832371
39833119
39857570
39868954
39909729
39927840
39932369
39933659
39937809
39938974
39939145
39954998
39967184
40013283
40013884
40083612
40084909
40089592
40094040
40094451
40095881
40096275
40110822
40121008
40127714
40144469
40165717
40175506
40184056
40184420
40188548
40203759
40228324
40229304
40242818
40244529
40261973
40270316
40288468
40298833
40316244
40318827
40324340
40333420
40334141
40335650
40337426
40339010
40357054
40382122
40409723
40424314
40424484
40451179
40453867
40467278
40484047
40487666
40488307
40502476
40517029
40527496
40531006
40533309
40540275
40579635
40611339
40611588
40611777
40648145
40656630
40659678
40661324
40663843
40668906
40670142
40702117
40721006
40723674
40736426
40741303
40742135
40761228
40765135
40791737
40837862
40848133
40855415
40867629
40897366
40900990
40915662
40921676
40921686
40923721
40929525
40933690
40946284
40959647
40960939
40964055
40964836
40965396
40981797
40985643
40986194
40999351
40999930
41000877
41011073
41028714
41033097
41076488
41083746
41094357
41096088
41096305
41103643
41115691
41116125
41125849
41147802
41157867
41160483
41162441
41171052
41173641
41177624
41193616
41200033
41232138
41235500
41236353
41245242
41250919
41253369
41279940
41283092
41288897
41323743
41353584
41354065
41376662
41379343
41389784
41394878
41408445
41472550
41474208
41475022
41481403
41527980
41541580
41555887
41556018
41568856
41585644
41590306
41608868
41621621
41641599
41650853
41666090
41672312
41683529
41689439
41693294
41696118
41696518
41715627
41729311
41742976
41747899
41756913
41766176
41775282
41777446
41778472
41795354
41810991
41815327
41817869
41822583
41830248
41838595
41862297
41866826
41878819
41881534
41883673
41901620
41910703
41914637
41923895
41978487
41982758
41999168
42021041
42029786
42036486
42045156
42047394
42062793
42066410
42081565
42095978
42099566
42103343
42126212
42128071
42128885
42144174
42146374
42155520
42175742
42178664
42181380
42183917
42194138
42199409
42206826
42215620
42222229
42253659
42276105
42278530
42282013
42283020
42287026
42288229
42295948
42299245
42306637
42327320
42334756
42339087
42342159
42344823
42364899
42371947
42376849
42390822
42392283
42396051
42405009
42408876
42427065
42430197
42437085
42444763
42474906
42476837
42478817
42480466
42498147
42515595
42527720
42543535
42562857
42569261
42579840
42594771
42595524
42600590
42601241
42612361
42622758
42642161
42647490
42647929
42664626
42670644
42676132
42686198
42709200
42736957
42739553
42741951
42748732
42751998
42754412
42759471
42785643
42818724
42819788
42852673
42859784
42870461
42870735
42872549
42900447
42901501
42901868
42927176
42928630
42938048
42957903
42964505
42972123
42978770
42984302
43026140
43033554
43042294
43061546
43063485
43065965
43071844
43089788
43091866
43101109
43113742
43113878
43117351
43121399
43126121
43138178
43139251
43139409
43141802
43148273
43150671
43151735
43177058
43206918
43211446
43225692
43229398
43231745
43270252
43272241
43283343
43287722
43293040
43316465
43320481
43322814
43328654
43333216
43335882
43364669
43365002
43375869
43397209
43413372
43431474
43436730
43448841
43455179
43457283
43472684
43472824
43480592
43505797
43511199
43514010
43539993
43595784
43604088
43617369
43624187
43626486
43638607
43639585
43641805
43656549
43663898
43665808
43672316
43674258
43678594
43685598
43694001
43700319
43709820
43717211
43717898
43719557
43724678
43732898
43734263
43744445
43746875
43751944
43778478
43778759
43789238
43794033
43796968
43814608
43828781
43830454
43833969
43835150
43838081
43846894
43848343
43868193
43875853
43879780
43882439
43884189
43888903
43896291
43916354
43917715
43925716
43926307
43954289
43956549
43957301
43978271
43988817
43991462
43999221
44005276
44033289
44041309
44050434
44058901
44061750
44064503
44072973
44076113
44081009
44102813
44107041
44109267
44117964
44138759
44149192
44155602
44173845
44176458
44183280
44185257
44197013
44200156
44200278
44214616
44233471
44241044
44253433
44280626
44309611
44312701
44327712
44328640
44337538
44342728
44376407
44376801
44378877
44385008
44389695
44391889
44411758
44418019
44423045
44427104
44430122
44439266
44441502
44445619
44471298
44475978
44479833
44495472
44506563
44510393
44515533
44516089
44519724
44524709
44532818
44550550
44552763
44554485
44558755
44559673
44568648
44587866
44589098
44605983
44615689
44623369
44639619
44640311
44654646
44659180
44666888
44687846
44688982
44701628
44728485
44735020
44742435
44758872
44764106
44770979
44776639
44783170
44787802
44805302
44805652
44810971
44816096
44816148
44838356
44846184
44848541
44870856
44886109
44914902
44926705
44927076
44958899
44970334
44977726
44989340
44993679
44993838
45005890
45011597
45017885
45027408
45042658
45076082
45095277
45101012
45110568
45117792
45121017
45129912
45137443
45150678
45155889
45158948
45168185
45177187
45181817
45189919
45198623
45211628
45211958
45214009
45218255
45222752
45224346
45228448
45234872
45253105
45269561
45305588
45305837
45306762
45316717
45322385
45323871
45335966
45345152
45358880
45391675
45393451
45412371
45445324
45450447
45464062
45493977
45504603
45511098
45516121
45533375
45555961
45556443
45556990
45559259
45567246
45573303
45595998
45604718
45604829
45626219
45640093
45642011
45674551
45677083
45680339
45705413
45710633
45713389
45743224
45746113
45759167
45768076
45769973
45774484
45777468
45799004
45800053
45818204
45819529
45827181
45830288
45835233
45876609
45896753
45908254
45911224
45911967
45912915
45921867
45923931
45984522
45993374
45995610
46014638
46021400
46034258
46045005
46049726
46054671
46064673
46064967
46067376
46069944
46071848
46075341
46093518
46095908
46105781
46109972
46112163
46115591
46115915
46121647
46136305
46160990
46174005
46184960
46186508
46191837
46200975
46232286
46236042
46258214
46263067
46284233
46292507
46300106
46304875
46306677
46319606
46343495
46345024
46351261
46355084
46366587
46370407
46372833
46384301
46385188
46405468
46428247
46431716
46435317
46445502
46450128
46502645
46505620
46513902
46530622
46537978
46564740
46575449
46575685
46594154
46605783
46606074
46618726
46619099
46629167
46637123
46648635
46659485
46659563
46675257
46677359
46680110
46728125
46744269
46749115
46765951
46768939
46776512
46783905
46783953
46784358
46798066
46821402
46827697
46842084
46842741
46869398
46870380
46876711
46887545
46888232
46890509
46900502
46942052
46963870
46972031
46981477
47004531
47009592
47036360
47039247
47042001
47049185
47053263
47070944
47097184
47099816
47104535
47107564
47107574
47126493
47134598
47136976
47151080
47182381
47184250
47200303
47202956
47211576
47223311
47227063
47233824
47236905
47254172
47255139
47259580
47260229
47270142
47279736
47280349
47285412
47285630
47289215
47306989
47315083
47321805
47332169
47336148
47341347
47350530
47354322
47368130
47372007
47375072
47377365
47382438
47390356
47405662
47406702
47429774
47434719
47436580
47437566
47444001
47459691
47467156
47489025
47495428
47501321
47504913
47527490
47539763
47543702
47555491
47565649
47570937
47571706
47582298
47600037
47603519
47619538
47621374
47631793
47647131
47651141
47656686
47667850
47670538
47681488
47696487
47713476
47716690
47718670
47723721
47729139
47735170
47737234
47742907
47746815
47755156
47755816
47762876
47767438
47801253
47815639
47839278
47852916
47881348
47905608
47921693
47924373
47926603
47969020
47991089
47995204
48003809
48007994
48024795
48037257
48065964
48105199
48109907
48115924
48125767
48133044
48142520
48155808
48157808
48161188
48165887
48170924
48173537
48177600
48177614
48220036
48230771
48233871
48236412
48261088
48294628
48318514
48330410
48334797
48335112
48389058
48395912
48401955
48402759
48407404
48411344
48417074
48439119
48439399
48440098
48448623
48449757
48455315
48466642
48472801
48477357
48507814
48507918
48510434
48528436
48552251
48554378
48570645
48571130
48576842
48602456
48603811
48681954
48697281
48699744
48722484
48729121
48731516
48738708
48767493
48778443
48783716
48803524
48804333
48804492
48819400
48825111
48832394
48841374
48851568
48858579
48863973
48874993
48897185
48898450
48903524
48910805
48911946
48957031
48958315
48971776
48986889
48989779
48991594
49002728
49004455
49007269
49009730
49012057
49015476
49017986
49050587
49083501
49086180
49104639
49118934
49121693
49129073
49137915
49145687
49151624
49157768
49175127
49194393
49201884
49215480
49216742
49228507
49234083
49237751
49266255
49274533
49278614
49280578
49284751
49285235
49307642
49330151
49333111
49335650
49343536
49345613
49347066
49348421
49356668
49360148
49382182
49384910
49387693
49417057
49417084
49435564
49445928
49463803
49463961
49470046
49480790
49489961
49495162
49507279
49523147
49539806
49540753
49545515
49552048
49563628
49566277
49568839
49572154
49579248
49583161
49587306
49593909
49603933
49605036
49607965
49631367
49636887
49644256
49648483
49657226
49665450
49721650
49726373
49733124
49768476
49806089
49820632
49824702
49826889
49841933
49845615
49849051
49857390
49860070
49860072
49863890
49866989
49872112
49881822
49890069
49899419
49915654
49917369
49917821
49928904
49945510
49946500
49961652
49968427
49970287
49976602
49979940
49993518
50012972
50040513
50061786
50064052
50082134
50084529
50089427
50096269
50103310
50108386
50138058
50138696
50140035
50141565
50145505
50161066
50166578
50167817
50182311
50184862
50185434
50194846
50195058
50195165
50222267
50226936
50245825
50248876
50259765
50269584
50277426
50288808
50313035
50332251
50335856
50367857
50371990
50376826
50383769
50393593
50393871
50402493
50410493
50450103
50483158
50488839
50492078
50496013
50510483
50527968
50543286
50564336
50566082
50568360
50573489
50610790
50623588
50640976
50648476
50649417
50662723
50672562
50694500
50698977
50712913
50714053
50771611
50794415
50804676
50807195
50811997
50817100
50819343
50823597
50837649
50842008
50874549
50899032
50909002
50909351
50921661
50930537
50931946
50963153
50968844
50969233
50970313
50977457
50992128
50994485
50999700
51007224
51016134
51018882
51020363
51022169
51023696
51059591
51060420
51064669
51094206
51095942
51096234
51097272
51105363
51108449
51123430
51136090
51139744
51143326
51150165
51172081
51173636
51175142
51178412
51181804
51186933
51197242
51198378
51198647
51206320
51217455
51229381
51264501
51266694
51280021
51296699
51313574
51316887
51317287
51321898
51325516
51337352
51352503
51357975
51371683
51390627
51402731
51434403
51437155
51442990
51447567
51448544
51451536
51462802
51481911
51485709
51496711
51507459
51516705
51534763
51536221
51546261
51548920
51549112
51555844
51557565
51567681
51600221
51625872
51632935
51657631
51658492
51680332
51687326
51692125
51692496
51696702
51702477
51707837
51707997
51715317
51723330
51738058
51744890
51758950
51782199
51797752
51802822
51814834
51822747
51824877
51851981
51890876
51905622
51907350
51912997
51913128
51916600
51917409
51943694
51946345
51974400
51979033
51991089
51994525
52008952
52015677
52017185
52036555
52056674
52056997
52057559
52066989
52073406
52073884
52077051
52077574
52093566
52094570
52108342
52110668
52112622
52117031
52126547
52131082
52131609
52142692
52147764
52172474
52176342
52181679
52188095
52190268
52199631
52202543
52230081
52239692
52269484
52273591
52277593
52286982
52295534
52307119
52307257
52344623
52344914
52347667
52357489
52367459
52373501
52378369
52384935
52424670
52428580
52428818
52452601
52456341
52465465
52471086
52494104
52502552
52518056
52529769
52536275
52563602
52568069
52575881
52579447
52584916
52587610
52597703
52598338
52634838
52635831
52644326
52666746
52685890
52701460
52708884
52715497
52747466
52771321
52789327
52837008
52851092
52851304
52851915
52854682
52895534
52898329
52904073
52909047
52916068
52933181
52937376
52953186
52991123
53014036
53022290
53032116
53042441
53047012
53053714
53066780
53075367
53078286
53094327
53108992
53121401
53123957
53128998
53143200
53174897
53191328
53198329
53219886
53222483
53231471
53246610
53251645
53266870
53266970
53300809
53303270
53318874
53333798
53356102
53357490
53358204
53358518
53362314
53363227
53378650
53381886
53387345
53412361
53414072
53414349
53417417
53419726
53425763
53437388
53497116
53498172
53530617
53537892
53550575
53573551
53582310
53585327
53587793
53595013
53605676
53610416
53619173
53626338
53641810
53670281
53674726
53681259
53712724
53718214
53722303
53723802
53734215
53740994
53745005
53747203
53747231
53750023
53751504
53760365
53769496
53771173
53773762
53782792
53786219
53788710
53803925
53810070
53819962
53836096
53846915
53848058
53852219
53887543
53897342
53908055
53913312
53913501
53913811
53919867
53926565
53938476
53950111
53950698
53980809
53999597
54022473
54026578
54028254
54029260
54040574
54047129
54055890
54065239
54073598
54079799
54103499
54103771
54107792
54109453
54113242
54113924
54118694
54133070
54159013
54163030
54163210
54167350
54185971
54209257
54217484
54220958
54229473
54245632
54258360
54265029
54266083
54274600
54274983
54279877
54285853
54287926
54295049
54327018
54347883
54348361
54354594
54370390
54372153
54373274
54375391
54380379
54384360
54400179
54411058
54412427
54421916
54423530
54434742
54443910
54456149
54460367
54515523
54520482
54523477
54542224
54565230
54568823
54584198
54589627
54596745
54609566
54611530
54611548
54626620
54645633
54651333
54654354
54658657
54665846
54675452
54675820
54683032
54683361
54685124
54685578
54707233
54716610
54732388
54735079
54756159
54765717
54768612
54769179
54774117
54776232
54788520
54810406
54817459
54825960
54858589
54860402
54864340
54883182
54907162
54928749
54929293
54929690
54932671
54935032
54964584
54967486
54981234
54991575
54991740
54996716
55043835
55069134
55106990
55110368
55114358
55156294
55166160
55177032
55192590
55203416
55214926
55217530
55223171
55223294
55232550
55232966
55256378
55263065
55279913
55295725
55299399
55301404
55304667
55315279
55317630
55319360
55329132
55336643
55344081
55346365
55366045
55376234
55382545
55383854
55386947
55405498
55407861
55441966
55443903
55458187
55464217
55474336
55475806
55495081
55499983
55544068
55546923
55549474
55552190
55562269
55567744
55574413
55614087
55632933
55636160
55636675
55646196
55659816
55666092
55668381
55671918
55675671
55677585
55686616
55697888
55709052
55723359
55726428
55747575
55756060
55766558
55775186
55775885
55803852
55807525
55824488
55831031
55850736
55854738
55862737
55871672
55874140
55877188
55879310
55882849
55883293
55888437
55890869
55903590
55909847
55918911
55924863
55934076
55938669
55953345
55953780
55990951
55997976
56006371
56006508
56010966
56011396
56034448
56036835
56044155
56045035
56058923
56069761
56100850
56102262
56112696
56120688
56121566
56131752
56136434
56138952
56145112
56149413
56162940
56187027
56190950
56193124
56203925
56207363
56207594
56211414
56212074
56236838
56239612
56253253
56259934
56266461
56267446
56276642
56294956
56299583
56313971
56314578
56316888
56330195
56335083
56346397
56351072
56356634
56370842
56376320
56424244
56425080
56425084
56431699
56476318
56488477
56496707
56497983
56509435
56510818
56510967
56511659
56517629
56558281
56567744
56570383
56577211
56581002
56584238
56595153
56600863
56601621
56623294
56624527
56655344
56657106
56665496
56666988
56675737
56692232
56700338
56708697
56736727
56736791
56745690
56746779
56749727
56750560
56757327
56764599
56766134
56791091
56791216
56798448
56810880
56828405
56842669
56853404
56861660
56875278
56883081
56886965
56907202
56909011
56919270
56933553
56935236
56944592
56944650
56958951
57029196
57050625
57064053
57066460
57105544
57122314
57124903
57131521
57131965
57134041
57140269
57155396
57166982
57174120
57217428
57233053
57245826
57268533
57274583
57276045
57277342
57277630
57300394
57302585
57303456
57304579
57309680
57319223
57322659
57337244
57343168
57344323
57352104
57366552
57370818
57375349
57410463
57421314
57425840
57426473
57449254
57454033
57458007
57471517
57478654
57479269
57483907
57492415
57535088
57543790
57557942
57562442
57566541
57607479
57617997
57625870
57627533
57631472
57631577
57638058
57658645
57663196
57670246
57677056
57679581
57685525
57717210
57720407
57739423
57758019
57758381
57758952
57761319
57770088
57772807
57774549
57775119
57797826
57813954
57826812
57838249
57847443
57848562
57854167
57861695
57864416
57883889
57906262
57910910
57912804
57923389
57942921
57953452
57957070
57966028
57967950
57974799
57980457
57983254
57991282
57999337
58009169
58012511
58012513
58015516
58023879
58025719
58032715
58057730
58065941
58073440
58089681
58090019
58091275
58150412
58159386
58162740
58188143
58191044
58196625
58219788
58220322
58231256
58236013
58236407
58244945
58254733
58283397
58283830
58286565
58292868
58294976
58299009
58309975
58319391
58327135
58328835
58345941
58380574
58382042
58393497
58396703
58413855
58414903
58423679
58436476
58437789
58440115
58462114
58464325
58466437
58477666
58493763
58514168
58516632
58523165
58531673
58551553
58559941
58560214
58575221
58582960
58587874
58590447
58592491
58614186
58614921
58615833
58619169
58641041
58653328
58654709
58661395
58678350
58678441
58694768
58709867
58712415
58724445
58755416
58784705
58789763
58796757
58804651
58806829
58829814
58831547
58837828
58863122
58865161
58870902
58886372
58889116
58889999
58916180
58927118
58945910
58961209
58962662
58962701
58979843
58980821
58993914
59001085
59020104
59021475
59025993
59030101
59051615
59063735
59069704
59078242
59079137
59080996
59091093
59094821
59095258
59096847
59098467
59109278
59115595
59136070
59162240
59175004
59182690
59187215
59208885
59209934
59240350
59250241
59268374
59278215
59293065
59298253
59304526
59305473
59307002
59308060
59310140
59341304
59341885
59342930
59349375
59349645
59360566
59364922
59383396
59385575
59394198
59397178
59418537
59423963
59431107
59447268
59447825
59484013
59484585
59488951
59505848
59518947
59529196
59529897
59533035
59567904
59587415
59597687
59624959
59626500
59650910
59652813
59694406
59696940
59710609
59717127
59735710
59740831
59742233
59745175
59747201
59766441
59775428
59780054
59786697
59826002
59833331
59836364
59842242
59853840
59857438
59873260
59887878
59910136
59917293
59937086
59941569
59945428
59969794
59975453
59988533
59988862
60000378
60023948
60024436
60031505
60033567
60035267
60037857
60062007
60079327
60080736
60092687
60103158
60139598
60151796
60165433
60173379
60184744
60187263
60192716
60204533
60220564
60226479
60234671
60239220
60253568
60276336
60302878
60318269
60335475
60339983
60346245
60380690
60382077
60386886
60394710
60411715
60412002
60420161
60430722
60458575
60459723
60460671
60466875
60468192
60506186
60525716
60536025
60560009
60562035
60566802
60580335
60580539
60588428
60591422
60607973
60615110
60638425
60640006
60648571
60663693
60668787
60669609
60673451
60679253
60683186
60688621
60689102
60690372
60692408
60704404
60736664
60752462
60755761
60780095
60781599
60791995
60800237
60819448
60820799
60823618
60826563
60833183
60847084
60870100
60871386
60872533
60876066
60877911
60884823
60894586
60894782
60908053
60921364
60922570
60961989
60983678
60987803
61000558
61001776
61005093
61022665
61037892
61045698
61050265
61061716
61063581
61064941
61088717
61091285
61096246
61134203
61149293
61164163
61169379
61172155
61177752
61189104
61192417
61193229
61224964
61229494
61238970
61258061
61265961
61271706
61296024
61313262
61319806
61329223
61335198
61343762
61345241
61352744
61363517
61365921
61372011
61378402
61381539
61390957
61402782
61408165
61414187
61436145
61453408
61454179
61464427
61471352
61473834
61474727
61477579
61483067
61509265
61511940
61513423
61515661
61529694
61534403
61541254
61557153
61563771
61576989
61609653
61610026
61625637
61644522
61687957
61693481
61711170
61767551
61770443
61773196
61779935
61790177
61850903
61872070
61880198
61884008
61916827
61922095
61922634
61941278
61947377
61959089
61971630
61992978
61993992
61995087
61998468
61999833
62003681
62032425
62060291
62065177
62074428
62076393
62096225
62096673
62118444
62121607
62150648
62168215
62172176
62177181
62180389
62194478
62197759
62213364
62236043
62239111
62248418
62258933
62259492
62279422
62287784
62295575
62311408
62324085
62331871
62342481
62368972
62373323
62375348
62377711
62380272
62397268
62401477
62423701
62425175
62432770
62439270
62446916
62447974
62448776
62453436
62467771
62476902
62480389
62480951
62496467
62503791
62512037
62526593
62532173
62535373
62538025
62539748
62543447
62545694
62558496
62565807
62575159
62600898
62603658
62606450
62614936
62622580
62625393
62652704
62667207
62667759
62675862
62681330
62688819
62701806
62707061
62717981
62725700
62726780
62734178
62745457
62746837
62747275
62751502
62757278
62761098
62783524
62797158
62800860
62801271
62838536
62842929
62850781
62858442
62882218
62892232
62899391
62907043
62914081
62921366
62922466
62946893
62950913
62959901
62961546
62970353
62972035
62973839
62980001
62999932
63005250
63007660
63011652
63031509
63045534
63047760
63055887
63082800
63092029
63096996
63108540
63108645
63119571
63133774
63147272
63163797
63172874
63192912
63194164
63203072
63204660
63211453
63228427
63231041
63247996
63264599
63266395
63277119
63279950
63288020
63293009
63303338
63311060
63331038
63345587
63346078
63362830
63367450
63388860
63409510
63418324
63448543
63449730
63458768
63458830
63458967
63485124
63502150
63506820
63510488
63518645
63519829
63526169
63533784
63544199
63553248
63558746
63560508
63564547
63572496
63579093
63633558
63634733
63641001
63655399
63692496
63715533
63736560
63741640
63762632
63770538
63798384
63811529
63814108
63814402
63824003
63829823
63838197
63840167
63846407
63846793
63849932
63854171
63856866
63883591
63982647
63983756
63986753
64001618
64025823
64026020
64026885
64030860
64048300
64055767
64092356
64098401
64100109
64113935
64118515
64119658
64122824
64131994
64134775
64136041
64136679
64142364
64143414
64145689
64151554
64156525
64164332
64175102
64203258
64205625
64208770
64209137
64211207
64214899
64218472
64222779
64227485
64238031
64242947
64245929
64246935
64255253
64261240
64261732
64278469
64283046
64288289
64290207
64293654
64296638
64310051
64310243
64326407
64337202
64341587
64376566
64378015
64386211
64389607
64390827
64406347
64413474
64416751
64420522
64426842
64442732
64446897
64453504
64458586
64459619
64461486
64469076
64492567
64503449
64510130
64512404
64521709
64545606
64553373
64589273
64591884
64615078
64622896
64624116
64642171
64645284
64649840
64652491
64683293
64705927
64710914
64711956
64713487
64730282
64741277
64747081
64753716
64758265
64781275
64787163
64807337
64818943
64832263
64832860
64855038
64856811
64858834
64875309
64893496
64902408
64912857
64924488
64927666
64930115
64950919
64962993
64963397
64982299
64982626
65005085
65011321
65012530
65021200
65085466
65086909
65094792
65100840
65110141
65125685
65126048
65135048
65150812
65155226
65158385
65161525
65162430
65167226
65181567
65183846
65238435
65244205
65246107
65246117
65247021
65252731
65262082
65275399
65301720
65335795
65350599
65366118
65366152
65370114
65404977
65405776
65407418
65409809
65411098
65418229
65424405
65433837
65439432
65459463
65462242
65471373
65472446
65479739
65482721
65492911
65498772
65511958
65513185
65515524
65533958
65541725
65545682
65548224
65550322
65550540
65573644
65582881
65586600
65592674
65595871
65598705
65601224
65611997
65617013
65638801
65650621
65698171
65710646
65714210
65817497
65826445
65912799
65914370
65922187
65945739
65957997
66001459
66001925
66010429
66022439
66027528
66038433
66057710
66058948
66065499
66077455
66080035
66086824
66102052
66140088
66141398
66148351
66178177
66189707
66190890
66191474
66194405
66200756
66201017
66203894
66231479
66235103
66248440
66271752
66274419
66291469
66296126
66304825
66312263
66319413
66328326
66349100
66365160
66367602
66371159
66396373
66399151
66399237
66408806
66424825
66430153
66446850
66452293
66460396
66463180
66474118
66492282
66492870
66501624
66503891
66516422
66518396
66525247
66526343
66529935
66530606
66533453
66536482
66555574
66563979
66570513
66577576
66583694
66590693
66624233
66642639
66658815
66672912
66696764
66696855
66702948
66703230
66714761
66716973
66722218
66723287
66725701
66748224
66749312
66788754
66797181
66802576
66807341
66818664
66825269
66843126
66844089
66868712
66869395
66874319
66902061
66905190
66909052
66918424
66925704
66926635
66928486
66940640
66972970
66990299
66997269
67006628
67008498
67010330
67047787
67049621
67058219
67066574
67072319
67082226
67094005
67108482
67119354
67129171
67139327
67161271
67162167
67163877
67180512
67184896
67185099
67234000
67241675
67262499
67291519
67320366
67323872
67324922
67328772
67335640
67354716
67374117
67377221
67382008
67391010
67394334
67395940
67401883
67405104
67422031
67422148
67426355
67434468
67442596
67465786
67475902
67483600
67493999
67494157
67498655
67502205
67528129
67529099
67539318
67548816
67550820
67553666
67577927
67587702
67596134
67597140
67628633
67653015
67660022
67682425
67682873
67684253
67696791
67705816
67713447
67717156
67717372
67724868
67744391
67766414
67766479
67777591
67778067
67782703
67788144
67789697
67803633
67814721
67834275
67839633
67853759
67863697
67897908
67900412
67903348
67910007
67917893
67925176
67948405
67972314
67993787
68000280
68003307
68013330
68019333
68047797
68061038
68061329
68080602
68101049
68107439
68110393
68165268
68168220
68174621
68188500
68191484
68192943
68203340
68209698
68236196
68269271
68281414
68292119
68300371
68315415
68327979
68334943
68351734
68352723
68353898
68354015
68362697
68371275
68379145
68381598
68405098
68428144
68432299
68433932
68441305
68463100
68466973
68477142
68490532
68504844
68529930
68555870
68562782
68563064
68567144
68580688
68585408
68604410
68621188
68640403
68641338
68672217
68689671
68694411
68705569
68709671
68715242
68723140
68726106
68744514
68793384
68797528
68803560
68803594
68813935
68824249
68824910
68827147
68830906
68837340
68840837
68857428
68873889
68879551
68881590
68898369
68899530
68906853
68909148
68914588
68917783
68937703
68947078
68949524
68970334
68970714
68981725
68992829
69001102
69029039
69029379
69030127
69044658
69068926
69079219
69091240
69094791
69108855
69112500
69112948
69123110
69168369
69203906
69207127
69207764
69220239
69236570
69239066
69249098
69270032
69271624
69281061
69289785
69306005
69309462
69339355
69368125
69371510
69371553
69376117
69381875
69383752
69387126
69425002
69430628
69432996
69449640
69451227
69463068
69468988
69484219
69489350
69495404
69497331
69504435
69517089
69520914
69524107
69524613
69533201
69534927
69546613
69559564
69584682
69599141
69599740
69608517
69623104
69624670
69648698
69657862
69675871
69702747
69713317
69719996
69739071
69757471
69763071
69765215
69774986
69776186
69780874
69793479
69795535
69839491
69844884
69868398
69878601
69885481
69894784
69930982
69931315
69940978
69945941
69958540
69963831
69970423
69973406
69979168
69983728
69995992
69999954
70003822
70004623
70012941
70030201
70048124
70057824
70062375
70077816
70082821
70084396
70114341
70141465
70141892
70142837
70163242
70165129
70171064
70196573
70202497
70226886
70232203
70244184
70258696
70265432
70299509
70315146
70342800
70349249
70356235
70372387
70380733
70381478
70381714
70396831
70408642
70411826
70415396
70432371
70445436
70451313
70459191
70480633
70481114
70483552
70483726
70484014
70494323
70501413
70518221
70518424
70528211
70576713
70579620
70587173
70593472
70601120
70617590
70623036
70629330
70629562
70638141
70644912
70650217
70651248
70665002
70665417
70674744
70677380
70703135
70725597
70728538
70728639
70733433
70771206
70784423
70792120
70796086
70807605
70812549
70825548
70843943
70877517
70894458
70895132
70901570
70908983
70916943
70926463
70987351
70998504
71005790
71010751
71026840
71038545
71038838
71069710
71069794
71076683
71090911
71102873
71111305
71116366
71126802
71146496
71162686
71167913
71178796
71183636
71191821
71211928
71212232
71226429
71245487
71254734
71266376
71269640
71272792
71278157
71284412
71296369
71303578
71303840
71306150
71306876
71314550
71326349
71334202
71356732
71363522
71380254
71390753
71418369
71420212
71430693
71447294
71504588
71518879
71525093
71529450
71551833
71558977
71564714
71567907
71578160
71588353
71611025
71612747
71626802
71639981
71656310
71657661
71672664
71675371
71689579
71699746
71705785
71716681
71722333
71725221
71726792
71728834
71729661
71736054
71760536
71764455
71771295
71772503
71776022
71778162
71795177
71800572
71808622
71844624
71866465
71871970
71873996
71874853
71875077
71897040
71917831
71933744
71939664
71950921
71960517
71969623
71972369
71978714
71993668
71999010
72006043
72019658
72072795
72077752
72083541
72088006
72092358
72093073
72099178
72104276
72124833
72127908
72130003
72133705
72143140
72150581
72156262
72164259
72165678
72168150
72191568
72237937
72268902
72270925
72312243
72315919
72317489
72348490
72383029
72396533
72412654
72430052
72445990
72453163
72481059
72487110
72488864
72526869
72530826
72535052
72539042
72542429
72547394
72554364
72555019
72559807
72585998
72586195
72593258
72598333
72614441
72625500
72650008
72651820
72656177
72711507
72719296
72732687
72745996
72762774
72775604
72778652
72781125
72804853
72812145
72813861
72836957
72855527
72882048
72882627
72905967
72908106
72932418
72934189
72934348
72935070
72947463
72950841
72963942
72974442
72987047
73019403
73025830
73055036
73059466
73068315
73076342
73089679
73103556
73106354
73112730
73114138
73140973
73149401
73159092
73162249
73174502
73174809
73176722
73180011
73224082
73252561
73266964
73272246
73274162
73278888
73317441
73321494
73341309
73370914
73374134
73376120
73386022
73404469
73423603
73438893
73448166
73458189
73463031
73484276
73486599
73521090
73541425
73541514
73544216
73557628
73562196
73562667
73567271
73567972
73568251
73580570
73589104
73591560
73618329
73618862
73623653
73635279
73640075
73647025
73650625
73672473
73678046
73678837
73680720
73689254
73695218
73712332
73712859
73733550
73736165
73740141
73746049
73769319
73771548
73786379
73790907
73808738
73813730
73816514
73817744
73822770
73834982
73862312
73883663
73899271
73915989
73923592
73930506
73937536
73948384
73953778
73966847
73982735
73997666
73999489
74008697
74009525
74015397
74016627
74035350
74051283
74054952
74081508
74099554
74102866
74110541
74120003
74121491
74128337
74131866
74143345
74179976
74184559
74192692
74194627
74239603
74243188
74254938
74263620
74264462
74267964
74271483
74296317
74312703
74314861
74325281
74328371
74376447
74381688
74389527
74393027
74424174
74424292
74463992
74472310
74483085
74489398
74490245
74500983
74504044
74507676
74523511
74534295
74542529
74558701
74564457
74570913
74575781
74600984
74601684
74605687
74630250
74633298
74649166
74670475
74673761
74678363
74679808
74689267
74689910
74690435
74738635
74747108
74764379
74772278
74774022
74777044
74783684
74786427
74788235
74789993
74800732
74810792
74816502
74816860
74837357
74839775
74842894
74860445
74862405
74908125
74908498
74930846
74933782
74942894
74947582
74958770
74960417
74967906
74987910
74990454
75011402
75043791
75052072
75052377
75071593
75074591
75116403
75147490
75168015
75176190
75177924
75212442
75212850
75220311
75227650
75229668
75229986
75259567
75259929
75261333
75275911
75285150
75291091
75304001
75305826
75312322
75315374
75358559
75371651
75376516
75379405
75411923
75418694
75421760
75426329
75431941
75437509
75442393
75468652
75471850
75474940
75478486
75479199
75511390
75513993
75530475
75535925
75535992
75550163
75571826
75572136
75611646
75623394
75635917
75659598
75678099
75702346
75708040
75714601
75716209
75719990
75728393
75730350
75743139
75748631
75762254
75782079
75793882
75798069
75806165
75818621
75822889
75831224
75852176
75878162
75878802
75881508
75897474
75902057
75902284
75906622
75910211
75937311
75938389
75943791
75944875
75953188
75956258
75958620
75961396
76002395
76016290
76048008
76055173
76072617
76084562
76090658
76108972
76120236
76123899
76129401
76135591
76143196
76157223
76158054
76160709
76162945
76166163
76169157
76172560
76173512
76182470
76201080
76215473
76232364
76232673
76237442
76264486
76265840
76282277
76282577
76283995
76284869
76297057
76297670
76299853
76301565
76309899
76310571
76314959
76320401
76322197
76339830
76350698
76365707
76393347
76399332
76412408
76416732
76434057
76436481
76471429
76472013
76483912
76488821
76492727
76494692
76506653
76508736
76539186
76542035
76555076
76559980
76560247
76569882
76618000
76626359
76630313
76650688
76651622
76653538
76659385
76664830
76665532
76672573
76678080
76698697
76722190
76722672
76728088
76740440
76752001
76785033
76789825
76791308
76794272
76795021
76795609
76808770
76823227
76828333
76832832
76838357
76842946
76853993
76857003
76872611
76873942
76893131
76895379
76900542
76904679
76906199
76912420
76919181
76925950
76937850
76942448
76942517
76950492
76955063
76960690
76984471
76992671
76998052
77009537
77023002
77036149
77045493
77045766
77059021
77080016
77083442
77084569
77095788
77108069
77137916
77138180
77160465
77168694
77179682
77190327
77193430
77198427
77213516
77220534
77225921
77237916
77238293
77256318
77261798
77275471
77292034
77303136
77318335
77323684
77356053
77360253
77361263
77375368
77389812
77411525
77412742
77413892
77417079
77419929
77435927
77442126
77442217
77450965
77460692
77491460
77493464
77497137
77510179
77534127
77535246
77538192
77563706
77576597
77579067
77583193
77586661
77598785
77608859
77610470
77611528
77620786
77625837
77631624
77636738
77648572
77650614
77654528
77666553
77673154
77686528
77692800
77729943
77773234
77786212
77798513
77820405
77841322
77852201
77855610
77866374
77871698
77874093
77879552
77892127
77892892
77912491
77918404
77920337
77928694
77930453
77930592
77937427
77953766
77965938
77979441
77988669
77989175
77992249
78002671
78004930
78005639
78022581
78026967
78038340
78055145
78070853
78071273
78072668
78079648
78110018
78152404
78171716
78190562
78201232
78201444
78215248
78224381
78226878
78228896
78229647
78245026
78247940
78254760
78278845
78322337
78328280
78348399
78383364
78396308
78409949
78411613
78416772
78424030
78438059
78439691
78452356
78466199
78472263
78472997
78479441
78480810
78496853
78505063
78507354
78517771
78521661
78526635
78541378
78549947
78550886
78558289
78560959
78562743
78565029
78572669
78573184
78580520
78582156
78582388
78585817
78587860
78616492
78617027
78626436
78635749
78673191
78682676
78701161
78723572
78742181
78742700
78748330
78755709
78771790
78786113
78801968
78856482
78859661
78873502
78878165
78878495
78902453
78913082
78944773
78953581
78956763
78970488
78974027
79010494
79013808
79014463
79019503
79033547
79045925
79055389
79059468
79064945
79072207
79083740
79092891
79109240
79121696
79123567
79134868
79137933
79145839
79147577
79171326
79188835
79208129
79231529
79237156
79248182
79251470
79265275
79270534
79278067
79309375
79312868
79318028
79320172
79320608
79322794
79322833
79332721
79337018
79394073
79395960
79398602
79462948
79468348
79476891
79483597
79491034
79503332
79507071
79509341
79525754
79532309
79532705
79561685
79563550
79580644
79598112
79602645
79613122
79629336
79630542
79632928
79656603
79675064
79702961
79708512
79722894
79724775
79734898
79737379
79738267
79791120
79791759
79796463
79801683
79811648
79814869
79821040
79847192
79873302
79874301
79893065
79900358
79936511
79944113
79953694
79965603
79971995
79974849
79992755
79996275
80004274
80013885
80018030
80019708
80028693
80067175
80082443
80089533
80091132
80098087
80111353
80139458
80158553
80162797
80164069
80184752
80186825
80223215
80228878
80236139
80236846
80269398
80277711
80301682
80327058
80333261
80374297
80378618
80406875
80406879
80407073
80418617
80422482
80429240
80441762
80443380
80444091
80445091
80450272
80456582
80461022
80461239
80468906
80496985
80507761
80514133
80516831
80524966
80528014
80535770
80581828
80585966
80585974
80588076
80616537
80633172
80633443
80665330
80682561
80709320
80714549
80720508
80733049
80740954
80752940
80757854
80793621
80808108
80816094
80818277
80823934
80825949
80836537
80839472
80852310
80865558
80869356
80902930
80913682
80920169
80927470
80930967
80971980
80987190
80988673
80992317
80996763
80998232
81005962
81010754
81020760
81027444
81042104
81049508
81056536
81066722
81076756
81077271
81079096
81094755
81113428
81121190
81137477
81143206
81147575
81157831
81161570
81170796
81195018
81197709
81213844
81214579
81215134
81231137
81231515
81239827
81245747
81252541
81264514
81266950
81272565
81291713
81318505
81319227
81328954
81329856
81330357
81333549
81336346
81338832
81340133
81366976
81373998
81396273
81398023
81402869
81411267
81412085
81428537
81445153
81448490
81451867
81451999
81456197
81479917
81480890
81493095
81509506
81517962
81519012
81530963
81533003
81535414
81568757
81573308
81573341
81579210
81596303
81624766
81639017
81644260
81654607
81700543
81703190
81717188
81721394
81751603
81761531
81764799
81767875
81769645
81787293
81794693
81804379
81804898
81805444
81814306
81822499
81824745
81826707
81853675
81855267
81871813
81873421
81888083
81891073
81909771
81913264
81933563
81934589
81935522
81953709
81957908
81966402
81970604
81972257
81974335
81979044
81992920
82006076
82007644
82022361
82039012
82042718
82052340
82055149
82057777
82061284
82069208
82080167
82088799
82100876
82109421
82127458
82136701
82176859
82187149
82199502
82205648
82235725
82249644
82251772
82280422
82294548
82302467
82303199
82311346
82342944
82347095
82348862
82367927
82385486
82389946
82398830
82407039
82412070
82429841
82445250
82445345
82446380
82448649
82450711
82452160
82453462
82453690
82472435
82473106
82478918
82481538
82519006
82529320
82529321
82539641
82546797
82559281
82596798
82622221
82625408
82629686
82632378
82633338
82634476
82634686
82637860
82647729
82652449
82652879
82669955
82676491
82679706
82680514
82682204
82684183
82707413
82711044
82720004
82733612
82748669
82761762
82762318
82773772
82785439
82827818
82835211
82854404
82855480
82866669
82875526
82884957
82892403
82898896
82903510
82908301
82919695
82932735
82939814
82969441
82974321
82980961
83021628
83040311
83056948
83060242
83061463
83062062
83066904
83078390
83080735
83089793
83093020
83101167
83106330
83107036
83109566
83114708
83119270
83130060
83149253
83149873
83157400
83170117
83173653
83194928
83196291
83238989
83258430
83260268
83266158
83266420
83290978
83295646
83295773
83296573
83296779
83300492
83303221
83305381
83316331
83316617
83319404
83320486
83349992
83358608
83365597
83402409
83408776
83438909
83454437
83474502
83479775
83486829
83493742
83496382
83499637
83504546
83512915
83515458
83536334
83556927
83574315
83574830
83614823
83624926
83652367
83657969
83675056
83684065
83684861
83689563
83691382
83700358
83713076
83721008
83727552
83728717
83728998
83751470
83761178
83776825
83782163
83795087
83813410
83815480
83825881
83828816
83848744
83889276
83890129
83896467
83906053
83916363
83921472
83922961
83928633
83929063
83935906
83952399
83954923
83961298
83966753
83971191
83981691
83994393
84011210
84015502
84023346
84040886
84044196
84049008
84052404
84059451
84062570
84067009
84073131
84079598
84087318
84093286
84094697
84095085
84116128
84121398
84139456
84141463
84141806
84145587
84151296
84163393
84165274
84172506
84178863
84205151
84210208
84237093
84241968
84246620
84253369
84263439
84295270
84301581
84318194
84318565
84319079
84324492
84332980
84343899
84346084
84355011
84376547
84384936
84424293
84433772
84435059
84459011
84472100
84481615
84485112
84492826
84496797
84503287
84507521
84514052
84514226
84514339
84515484
84526730
84544341
84555997
84586711
84586953
84596012
84598131
84600372
84606399
84622486
84627881
84630943
84639834
84647443
84650205
84654004
84656484
84660695
84673738
84688696
84689846
84691869
84715117
84744543
84753235
84754696
84755592
84770566
84788578
84791046
84795363
84810433
84820981
84823537
84831036
84833232
84855331
84861539
84861836
84870512
84873765
84877677
84886952
84896920
84904023
84914140
84916365
84919333
84922329
84929001
84934133
84942053
84959832
84977232
84980193
84997594
85003824
85007235
85012766
85019559
85019655
85033830
85057850
85062106
85063129
85076817
85078471
85083515
85088592
85089630
85092839
85097416
85110997
85118718
85123677
85138763
85146435
85152583
85177597
85178135
85200362
85207718
85221670
85225503
85228445
85231250
85238447
85241962
85243757
85246321
85280520
85283447
85305120
85317133
85319462
85328006
85330795
85342129
85346817
85353032
85357813
85367107
85375137
85387540
85418335
85428284
85445675
85451156
85463490
85470455
85476977
85481278
85501880
85558736
85575419
85576074
85602570
85612739
85619909
85625108
85647018
85662278
85671890
85672414
85681628
85682789
85697139
85709265
85723966
85727567
85736228
85739150
85742519
85747973
85750576
85756565
85759465
85762717
85777282
85781572
85799415
85804962
85813960
85815247
85818558
85819210
85836970
85842695
85842901
85863510
85869500
85873900
85878664
85881577
85881745
85894666
85907720
85912115
85916070
85922344
85928972
85934339
85943122
85949935
85957487
85971693
85978442
85986857
86018148
86033051
86037917
86059088
86079836
86098156
86103458
86104341
86107311
86108621
86136057
86164247
86166053
86182079
86209743
86254221
86260075
86263819
86270103
86284521
86285807
86298760
86318042
86331637
86335288
86335785
86382914
86385120
86394022
86399346
86400081
86403867
86405265
86415757
86423982
86436232
86468338
86488232
86493147
86510162
86510423
86521761
86527100
86532173
86542074
86569067
86587853
86600559
86618990
86625360
86629079
86630330
86657040
86662036
86666710
86679793
86745329
86755303
86791866
86795207
86821225
86830327
86833698
86848345
86849144
86859915
86861187
86864446
86881308
86882791
86888658
86893310
86900723
86908494
86912927
86945950
86955740
86956483
86960599
86975869
86977226
86992012
86995639
87003628
87019489
87024102
87024388
87035658
87036271
87058371
87063341
87078500
87096650
87108111
87118474
87139567
87140746
87181196
87183307
87212068
87222478
87223794
87241035
87246965
87280053
87284437
87297124
87304108
87305854
87322979
87325905
87326359
87340987
87349154
87355683
87381420
87402179
87403598
87428940
87446483
87449943
87472353
87474955
87476680
87481731
87493623
87496309
87501900
87517828
87518494
87522364
87535450
87541033
87543318
87560410
87562072
87562600
87565555
87568669
87579165
87583276
87585623
87601927
87604152
87627651
87631400
87632026
87644257
87651535
87667428
87705857
87711079
87733238
87738416
87766688
87772533
87774466
87790148
87815242
87824514
87825095
87832321
87834590
87837276
87841011
87844681
87844683
87850412
87851636
87860585
87869038
87875353
87887384
87895721
87900880
87933332
87945814
87947686
87948239
87952216
87974158
87975205
87988406
87989441
88003259
88005338
88012719
88016039
88023717
88026043
88043883
88044863
88047749
88091882
88091949
88094388
88096703
88135538
88137496
88138953
88146060
88148904
88163953
88186047
88190485
88246522
88273664
88292332
88292688
88294295
88294704
88304219
88308207
88315175
88318545
88321593
88323159
88359354
88361690
88369488
88370219
88381135
88403540
88421162
88425934
88430959
88436576
88445763
88459877
88469458
88480431
88483915
88493770
88500269
88506783
88516754
88520361
88533474
88543470
88587022
88588047
88598278
88621946
88652327
88656524
88657051
88657944
88671560
88677219
88706858
88708605
88721229
88730344
88741493
88793326
88798083
88803377
88812625
88819201
88848426
88859525
88872321
88872809
88898105
88899576
88938748
88961720
88964235
88970756
88974548
88983653
88997934
89015708
89020801
89050550
89052140
89104712
89114269
89114610
89143125
89151740
89153561
89173846
89190572
89211725
89216993
89218289
89225763
89227630
89231460
89231623
89234695
89240894
89245699
89264371
89276445
89320510
89330253
89332648
89335761
89354023
89359841
89376941
89387940
89411880
89411896
89455817
89458073
89482714
89483298
89491263
89501286
89504532
89536895
89564516
89566997
89571679
89578186
89592577
89603971
89619022
89619305
89652499
89652540
89677824
89680084
89712617
89727860
89746209
89772336
89776211
89781773
89785468
89792507
89805767
89818397
89832792
89840998
89869254
89870821
89877091
89888328
89895500
89902253
89920290
89930406
89939955
89947129
89948761
89970376
89987143
90007697
90010233
90011109
90021557
90028467
90033910
90057708
90063312
90068220
90073744
90099292
90101038
90115530
90123186
90128802
90135533
90139702
90142202
90165955
90180070
90192623
90193909
90200022
90209881
90224578
90228296
90233359
90238728
90240241
90274760
90278804
90283387
90289777
90307900
90316682
90317399
90343121
90347334
90348568
90352383
90354981
90357653
90357834
90366877
90375399
90381375
90388480
90390609
90399523
90437620
90450774
90457804
90478192
90478444
90489829
90492122
90504357
90518452
90542465
90553382
90562561
90566360
90567037
90573206
90585823
90589734
90590855
90604882
90613236
90614139
90627907
90628872
90634184
90651524
90653228
90659329
90662138
90666451
90676780
90682125
90698440
90717431
90724536
90728030
90729530
90730036
90739635
90747368
90759065
90793683
90795887
90799355
90804781
90848376
90867843
90871438
90879399
90880228
90895369
90902253
90923028
90957308
90971434
90976946
90979188
90984229
91049049
91057856
91060557
91067996
91081435
91110067
91117422
91120669
91125110
91130442
91154777
91158709
91165268
91176633
91179117
91191037
91202504
91209871
91217070
91217123
91218715
91224782
91252292
91267623
91273612
91278652
91281148
91286150
91287545
91302420
91308347
91334917
91352336
91356788
91364436
91367624
91368601
91369945
91382722
91390717
91393674
91419805
91424803
91430847
91433660
91435655
91456659
91461785
91464684
91471043
91512426
91520093
91534912
91537742
91541952
91556712
91558719
91564431
91566741
91571523
91572073
91587697
91590195
91602768
91614538
91622787
91627753
91630217
91635194
91666750
91666853
91667499
91675457
91679213
91685955
91689488
91691973
91695886
91696198
91717833
91722425
91733140
91744414
91745253
91768997
91777373
91784548
91787206
91795013
91795476
91795524
91803439
91807876
91824309
91824550
91883043
91906106
91907015
91913672
91945014
91948229
91952217
91969606
91974929
91989558
91994423
92001344
92001450
92017426
92029583
92029598
92042314
92044119
92046063
92047697
92048675
92054255
92054775
92059019
92059443
92066396
92073351
92073616
92075816
92076005
92077992
92078723
92080724
92082837
92084679
92106626
92129273
92131306
92157188
92188672
92223631
92224848
92255180
92257105
92258251
92266550
92267973
92268054
92268628
92273498
92296464
92303987
92305113
92312043
92314299
92353877
92354146
92364251
92366616
92374508
92378180
92388792
92394467
92395069
92405159
92412552
92416485
92448732
92465577
92489825
92504429
92524261
92537408
92538382
92553345
92561464
92565641
92569003
92590977
92598798
92621193
92641738
92645733
92659613
92666762
92685879
92691431
92697765
92699869
92718021
92735400
92745956
92746796
92769959
92778424
92781663
92782881
92788498
92801219
92802479
92825281
92844346
92862864
92863613
92865832
92881810
92897828
92900163
92911583
92912141
92921711
92925843
92927566
92940761
92956012
92960009
92966092
92976978
92986482
92987719
92999367
93011383
93022702
93038436
93044033
93050028
93069369
93090642
93106873
93116506
93121754
93124896
93155165
93158076
93201221
93204859
93220867
93221087
93238702
93246073
93249350
93252870
93254924
93278067
93282211
93287108
93288885
93298843
93327830
93329122
93335308
93341994
93343058
93386018
93388276
93389335
93393611
93394821
93399700
93407478
93431430
93456649
93460221
93462988
93475088
93475099
93494027
93519783
93520760
93521114
93543415
93554930
93568100
93569813
93570863
93616692
93619720
93625792
93688220
93694603
93717854
93730813
93732894
93733061
93746725
93768170
93772578
93779249
93808970
93830263
93832521
93836052
93837151
93846779
93849789
93856493
93865039
93868614
93871943
93877809
93890334
93900029
93909025
93910628
93915487
93919319
93930302
93935946
93942140
93946357
93956924
93960113
93981713
93983899
93985867
94012422
94023707
94042086
94062036
94062886
94074916
94077472
94078179
94087330
94098102
94104799
94124279
94128742
94136276
94173064
94173903
94180157
94184562
94185980
94193271
94216768
94227182
94232987
94269150
94280255
94290565
94309936
94355322
94359137
94361315
94371588
94379956
94388836
94394689
94399129
94416910
94428891
94430138
94443867
94452488
94466683
94467766
94470030
94473190
94478960
94479286
94505034
94506277
94508302
94525778
94531113
94545089
94584147
94596015
94605360
94617478
94618186
94641110
94647650
94651796
94672320
94674925
94676254
94678660
94679415
94704001
94704720
94728571
94732310
94756655
94758380
94766678
94774678
94800220
94800315
94807535
94810075
94818546
94822626
94828447
94857153
94865625
94866098
94876477
94890594
94892945
94893404
94902749
94920972
94943964
94954423
94957001
94977108
94985240
95007437
95028389
95031528
95036648
95040315
95061424
95069603
95070206
95074867
95081638
95092027
95096354
95109176
95116758
95132305
95133389
95160655
95170420
95171162
95189452
95207235
95225215
95225479
95250389
95283821
95285076
95286273
95303772
95333915
95351213
95366901
95372276
95379437
95382547
95400913
95438664
95445479
95446218
95451466
95454957
95455028
95456471
95456945
95475376
95475542
95491615
95492607
95510674
95546929
95554000
95554178
95565135
95580822
95582880
95590285
95591084
95596514
95610835
95630911
95657869
95667579
95682357
95686668
95710332
95712502
95749136
95782202
95796784
95830204
95847487
95850085
95857845
95862034
95904938
95905107
95915876
95933907
95937620
95940708
95962101
95967340
95970082
95973300
95996023
95999770
96014385
96016339
96048399
96072234
96080574
96083357
96084968
96102174
96109833
96112681
96122702
96128228
96142749
96145908
96146913
96149659
96164968
96182684
96183152
96187241
96202353
96230715
96231482
96232684
96237504
96248893
96268936
96272695
96277106
96278976
96297031
96313893
96318243
96325508
96326082
96332479
96334529
96340744
96362895
96365302
96385795
96386144
96417898
96418486
96429493
96448434
96469762
96482386
96499201
96500554
96517646
96524318
96524644
96526576
96527706
96532990
96535763
96536474
96538185
96559025
96559736
96562737
96580979
96590119
96602652
96635403
96642578
96650539
96664348
96674901
96685413
96686389
96690958
96713916
96765237
96765376
96770121
96795827
96799785
96804748
96811100
96811850
96815506
96869807
96875632
96885134
96892841
96895511
96897450
96907484
96911813
96914545
96927695
96933375
96949837
96962250
96966924
96971003
96975668
96981756
97009503
97010098
97011932
97017159
97023875
97028067
97031757
97032194
97039841
97049318
97055661
97058414
97066627
97069489
97076372
97079698
97083517
97084525
97087273
97092403
97111819
97119407
97119654
97124380
97135820
97147059
97154816
97174552
97181476
97206371
97207262
97249846
97254748
97263975
97273987
97279239
97287370
97304520
97308833
97319481
97325777
97334111
97381320
97386076
97390799
97393977
97399243
97408541
97413798
97432329
97435580
97454170
97480241
97482721
97489226
97501726
97504222
97505186
97522577
97527574
97565676
97576620
97592256
97627895
97639062
97647631
97673533
97678900
97685302
97695488
97696037
97696580
97730245
97730470
97746444
97747338
97752647
97758996
97772298
97784595
97809313
97815468
97817379
97830019
97831935
97836024
97844897
97859959
97862441
97869838
97884484
97889624
97890941
97894219
97895309
97911205
97915314
97919237
97932477
97940985
97943015
97944451
97957890
97963526
97976315
97986949
97995869
98004106
98006114
98016623
98025202
98040621
98059483
98072886
98085112
98085390
98105766
98109373
98110506
98119213
98150710
98155789
98157361
98164046
98164963
98181382
98182286
98184796
98219582
98233614
98235123
98236851
98241468
98242618
98245861
98247639
98247726
98248802
98261234
98262461
98301672
98303363
98310938
98318129
98318452
98347358
98368682
98402255
98416687
98441456
98460692
98467969
98474138
98481160
98484292
98507912
98547373
98590648
98598493
98600181
98614907
98618907
98625490
98636361
98642118
98647617
98655812
98677523
98682595
98694664
98695475
98698047
98708953
98715090
98728439
98743831
98751556
98753215
98771882
98782503
98791002
98794907
98804339
98809320
98814278
98852096
98889438
98895010
98896100
98903557
98904844
98905900
98918395
98926728
98934154
98939582
98943223
98947777
98966937
98981154
98987696
98992801
99002099
99026998
99031056
99045847
99061554
99082854
99097565
99109043
99110852
99131691
99147725
99147817
99151054
99155781
99158600
99161080
99161214
99161275
99167241
99170641
99182312
99193901
99200480
99202838
99212214
99215729
99217599
99238508
99239941
99242269
99257176
99269860
99271297
99271761
99276039
99279654
99285138
99312872
99319774
99326763
99330130
99340555
99346354
99347584
99349802
99359950
99393566
99398136
99411912
99415462
99437824
99444145
99460362
99480753
99482055
99505860
99508351
99521005
99521710
99529829
99534573
99539510
99552432
99553759
99557219
99573135
99575711
99597097
99598073
99600608
99608087
99608337
99609449
99618744
99633848
99635728
99655665
99664914
99676367
99688160
99702226
99704532
99705193
99715378
99715772
99717222
99749495
99775880
99777913
99781096
99784628
99790465
99795177
99796935
99814223
99829040
99845288
99847962
99859367
99873330
99875851
99887431
99918658
99928631
99929143
99934309
99939249
99945586
99951402
99978810
99985828
99987164
99991676
99995418
